1500
1500
4500
4500
7500
7500
10500
10500
19500
19500
22500
22500
25500
25500
1500
1500
4500
4500
7500
7500
10500
10500
19500
19500
22500
22500
25500
25500
1500
1500
4500
4500
7500
7500
10500
10500
19500
19500
22500
22500
25500
25500
1500
1500
4500
4500
7500
7500
1500
1500
4500
4500
1500
1500
4500
4500
12500
12500
15500
15500
1500
1500
4500
4500
12500
12500
15500
15500
1500
1500
4500
4500
12500
12500
15500
15500
1500
1500
4500
4500
7500
7500
1500
1500
4500
4500
7000
7000
1500
1500
4500
4500
7500
7500
1500
1500
4500
4500
7500
7500
10505
10505
13500
13500
1500
1500
4500
4500
7500
7500
10500
10500
13500
13500
23505
23505
23520
23520
23530
23530
26000
26000
