134.000000
233.000000
734.000000
833.000000
1334.000000
1433.000000
10149.000000
10248.000000
10749.000000
10848.000000
11349.000000
11448.000000
11949.000000
12048.000000
21933.000000
22032.000000
22533.000000
22632.000000
23133.000000
23232.000000
670.000000
1165.000000
3670.000000
4165.000000
6670.000000
7165.000000
10745.000000
11240.000000
13745.000000
14240.000000
16745.000000
17240.000000
19745.000000
20240.000000
23345.000000
23840.000000
26345.000000
26840.000000
29345.000000
29840.000000
34950.000000
35445.000000
37950.000000
38445.000000
40950.000000
41445.000000
47040.000000
47535.000000
50040.000000
50535.000000
53040.000000
53535.000000
56040.000000
56535.000000
59615.000000
60110.000000
62615.000000
63110.000000
65615.000000
66110.000000
71195.000000
71690.000000
74195.000000
74690.000000
77195.000000
77690.000000
83260.000000
83755.000000
86260.000000
86755.000000
89260.000000
89755.000000
92260.000000
92755.000000
95810.000000
96305.000000
98810.000000
99305.000000
101810.000000
102305.000000
107365.000000
107860.000000
110365.000000
110860.000000
113365.000000
113860.000000
119405.000000
119900.000000
122405.000000
122900.000000
125405.000000
125900.000000
128405.000000
128900.000000
131930.000000
132425.000000
134930.000000
135425.000000
137930.000000
138425.000000
143460.000000
143955.000000
146460.000000
146955.000000
149460.000000
149955.000000
155475.000000
155970.000000
158475.000000
158970.000000
161475.000000
161970.000000
164475.000000
164970.000000
167975.000000
168470.000000
170975.000000
171470.000000
173975.000000
174470.000000
179480.000000
179975.000000
182480.000000
182975.000000
185480.000000
185975.000000
191470.000000
191965.000000
194470.000000
194965.000000
197470.000000
197965.000000
200470.000000
200965.000000
203945.000000
204440.000000
206945.000000
207440.000000
209945.000000
210440.000000
215425.000000
215920.000000
218425.000000
218920.000000
221425.000000
221920.000000
227390.000000
227885.000000
230390.000000
230885.000000
233390.000000
233885.000000
236390.000000
236885.000000
239840.000000
240335.000000
242840.000000
243335.000000
245840.000000
246335.000000
251295.000000
251790.000000
254295.000000
254790.000000
257295.000000
257790.000000
263235.000000
263730.000000
266235.000000
266730.000000
269235.000000
269730.000000
272235.000000
272730.000000
275660.000000
276155.000000
278660.000000
279155.000000
281660.000000
282155.000000
670.000000
1165.000000
3670.000000
4165.000000
6670.000000
7165.000000
10745.000000
11240.000000
13745.000000
14240.000000
16745.000000
17240.000000
19745.000000
20240.000000
23345.000000
23840.000000
26345.000000
26840.000000
29345.000000
29840.000000
34950.000000
35445.000000
37950.000000
38445.000000
40950.000000
41445.000000
47040.000000
47535.000000
50040.000000
50535.000000
53040.000000
53535.000000
56040.000000
56535.000000
59615.000000
60110.000000
62615.000000
63110.000000
65615.000000
66110.000000
71195.000000
71690.000000
74195.000000
74690.000000
77195.000000
77690.000000
83260.000000
83755.000000
86260.000000
86755.000000
89260.000000
89755.000000
92260.000000
92755.000000
95810.000000
96305.000000
98810.000000
99305.000000
101810.000000
102305.000000
107365.000000
107860.000000
110365.000000
110860.000000
113365.000000
113860.000000
119405.000000
119900.000000
122405.000000
122900.000000
125405.000000
125900.000000
128405.000000
128900.000000
131930.000000
132425.000000
134930.000000
135425.000000
137930.000000
138425.000000
143460.000000
143955.000000
146460.000000
146955.000000
149460.000000
149955.000000
155475.000000
155970.000000
158475.000000
158970.000000
161475.000000
161970.000000
164475.000000
164970.000000
167975.000000
168470.000000
170975.000000
171470.000000
173975.000000
174470.000000
179480.000000
179975.000000
182480.000000
182975.000000
185480.000000
185975.000000
191470.000000
191965.000000
194470.000000
194965.000000
197470.000000
197965.000000
200470.000000
200965.000000
203945.000000
204440.000000
206945.000000
207440.000000
209945.000000
210440.000000
670.000000
1165.000000
3670.000000
4165.000000
6670.000000
7165.000000
10745.000000
11240.000000
13745.000000
14240.000000
16745.000000
17240.000000
19745.000000
20240.000000
23345.000000
23840.000000
26345.000000
26840.000000
29345.000000
29840.000000
34950.000000
35445.000000
37950.000000
38445.000000
40950.000000
41445.000000
47040.000000
47535.000000
50040.000000
50535.000000
53040.000000
53535.000000
56040.000000
56535.000000
59615.000000
60110.000000
62615.000000
63110.000000
65615.000000
66110.000000
71195.000000
71690.000000
74195.000000
74690.000000
77195.000000
77690.000000
83260.000000
83755.000000
86260.000000
86755.000000
89260.000000
89755.000000
92260.000000
92755.000000
95810.000000
96305.000000
98810.000000
99305.000000
101810.000000
102305.000000
107365.000000
107860.000000
110365.000000
110860.000000
113365.000000
113860.000000
119405.000000
119900.000000
122405.000000
122900.000000
125405.000000
125900.000000
128405.000000
128900.000000
131930.000000
132425.000000
134930.000000
135425.000000
137930.000000
138425.000000
143460.000000
143955.000000
146460.000000
146955.000000
149460.000000
149955.000000
155475.000000
155970.000000
158475.000000
158970.000000
161475.000000
161970.000000
164475.000000
164970.000000
167975.000000
168470.000000
170975.000000
171470.000000
173975.000000
174470.000000
179480.000000
179975.000000
182480.000000
182975.000000
185480.000000
185975.000000
191470.000000
191965.000000
194470.000000
194965.000000
197470.000000
197965.000000
200470.000000
200965.000000
203945.000000
204440.000000
206945.000000
207440.000000
209945.000000
210440.000000
215425.000000
215920.000000
218425.000000
218920.000000
221425.000000
221920.000000
227390.000000
227885.000000
230390.000000
230885.000000
233390.000000
233885.000000
236390.000000
236885.000000
239840.000000
240335.000000
242840.000000
243335.000000
245840.000000
246335.000000
251295.000000
251790.000000
254295.000000
254790.000000
257295.000000
257790.000000
263235.000000
263730.000000
266235.000000
266730.000000
269235.000000
269730.000000
272235.000000
272730.000000
275660.000000
276155.000000
278660.000000
279155.000000
281660.000000
282155.000000
287090.000000
287585.000000
290090.000000
290585.000000
293090.000000
293585.000000
299005.000000
299500.000000
302005.000000
302500.000000
305005.000000
305500.000000
308005.000000
308500.000000
311405.000000
311900.000000
314405.000000
314900.000000
317405.000000
317900.000000
322810.000000
323305.000000
325810.000000
326305.000000
328810.000000
329305.000000
334700.000000
335195.000000
337700.000000
338195.000000
340700.000000
341195.000000
343700.000000
344195.000000
347075.000000
347570.000000
350075.000000
350570.000000
353075.000000
353570.000000
358455.000000
358950.000000
361455.000000
361950.000000
364455.000000
364950.000000
370320.000000
370815.000000
373320.000000
373815.000000
376320.000000
376815.000000
379320.000000
379815.000000
382670.000000
383165.000000
385670.000000
386165.000000
388670.000000
389165.000000
394025.000000
394520.000000
397025.000000
397520.000000
400025.000000
400520.000000
405865.000000
406360.000000
408865.000000
409360.000000
411865.000000
412360.000000
414865.000000
415360.000000
418190.000000
418685.000000
421190.000000
421685.000000
424190.000000
424685.000000
429520.000000
430015.000000
432520.000000
433015.000000
435520.000000
436015.000000
441335.000000
441830.000000
444335.000000
444830.000000
447335.000000
447830.000000
450335.000000
450830.000000
453635.000000
454130.000000
456635.000000
457130.000000
459635.000000
460130.000000
464940.000000
465435.000000
467940.000000
468435.000000
470940.000000
471435.000000
476730.000000
477225.000000
479730.000000
480225.000000
482730.000000
483225.000000
485730.000000
486225.000000
489005.000000
489500.000000
492005.000000
492500.000000
495005.000000
495500.000000
500285.000000
500780.000000
503285.000000
503780.000000
506285.000000
506780.000000
512050.000000
512545.000000
515050.000000
515545.000000
518050.000000
518545.000000
521050.000000
521545.000000
524300.000000
524795.000000
527300.000000
527795.000000
530300.000000
530795.000000
670.000000
1165.000000
3670.000000
4165.000000
6670.000000
7165.000000
670.000000
1165.000000
3670.000000
4165.000000
6670.000000
7165.000000
10745.000000
11240.000000
13745.000000
14240.000000
16745.000000
17240.000000
19745.000000
20240.000000
23345.000000
23840.000000
26345.000000
26840.000000
29345.000000
29840.000000
34950.000000
35445.000000
37950.000000
38445.000000
40950.000000
41445.000000
47040.000000
47535.000000
50040.000000
50535.000000
53040.000000
53535.000000
56040.000000
56535.000000
59615.000000
60110.000000
62615.000000
63110.000000
65615.000000
66110.000000
71195.000000
71690.000000
74195.000000
74690.000000
77195.000000
77690.000000
83260.000000
83755.000000
86260.000000
86755.000000
89260.000000
89755.000000
92260.000000
92755.000000
95810.000000
96305.000000
98810.000000
99305.000000
101810.000000
102305.000000
107365.000000
107860.000000
110365.000000
110860.000000
113365.000000
113860.000000
119405.000000
119900.000000
122405.000000
122900.000000
125405.000000
125900.000000
128405.000000
128900.000000
131930.000000
132425.000000
134930.000000
135425.000000
137930.000000
138425.000000
670.000000
1165.000000
3670.000000
4165.000000
6670.000000
7165.000000
10745.000000
11240.000000
13745.000000
14240.000000
16745.000000
17240.000000
19745.000000
20240.000000
670.000000
1165.000000
3670.000000
4165.000000
6670.000000
7165.000000
670.000000
1165.000000
3670.000000
4165.000000
6670.000000
7165.000000
10745.000000
11240.000000
13745.000000
14240.000000
16745.000000
17240.000000
19745.000000
20240.000000
23345.000000
23840.000000
26345.000000
26840.000000
29345.000000
29840.000000
670.000000
1165.000000
3670.000000
4165.000000
6670.000000
7165.000000
10745.000000
11240.000000
13745.000000
14240.000000
16745.000000
17240.000000
19745.000000
20240.000000
23345.000000
23840.000000
26345.000000
26840.000000
29345.000000
29840.000000
670.000000
1165.000000
3670.000000
4165.000000
6670.000000
7165.000000
10745.000000
11240.000000
13745.000000
14240.000000
16745.000000
17240.000000
19745.000000
20240.000000
23345.000000
23840.000000
26345.000000
26840.000000
29345.000000
29840.000000
670.000000
1165.000000
3670.000000
4165.000000
6670.000000
7165.000000
10745.000000
11240.000000
13745.000000
14240.000000
16745.000000
17240.000000
19745.000000
20240.000000
23345.000000
23840.000000
26345.000000
26840.000000
29345.000000
29840.000000
670.000000
1165.000000
3670.000000
4165.000000
6670.000000
7165.000000
10745.000000
11240.000000
13745.000000
14240.000000
16745.000000
17240.000000
19745.000000
20240.000000
