0.064592
0.061711
0.058832
0.055953
0.053076
0.050201
0.047326
0.044453
0.041581
0.038710
0.035841
0.032973
0.030106
0.027241
0.024378
0.021516
0.018655
0.015796
0.012939
0.010083
0.007228
0.004376
0.001525
-0.001324
-0.004172
-0.007017
-0.009861
-0.012703
-0.015543
-0.018382
-0.021218
-0.024053
-0.026885
-0.029716
-0.032545
-0.035371
-0.038196
-0.041019
-0.043839
-0.046657
-0.049474
-0.052288
-0.055099
-0.057909
-0.060716
-0.063521
-0.066324
-0.069125
-0.071923
-0.074719
-0.077512
-0.080303
-0.083092
-0.085878
-0.088661
-0.091442
-0.094221
-0.096997
-0.099771
-0.102541
-0.105310
-0.108075
-0.110838
-0.113598
-0.116356
-0.119111
-0.121863
-0.124612
-0.127359
-0.130102
-0.132843
-0.135581
-0.138316
-0.141048
-0.143777
-0.146504
-0.149227
-0.151947
-0.154664
-0.157379
-0.160090
-0.162798
-0.165503
-0.168205
-0.170903
-0.173599
-0.176291
-0.178980
-0.181666
-0.184349
-0.187028
-0.189705
-0.192377
-0.195047
-0.197713
-0.200376
-0.203035
-0.205691
-0.208344
-0.210993
-0.213639
-0.216281
-0.218920
-0.221555
-0.224187
-0.226815
-0.229439
-0.232060
-0.234678
-0.237291
-0.239901
-0.242508
-0.245111
-0.247710
-0.250305
-0.252897
-0.255484
-0.258068
-0.260649
-0.263225
-0.265798
-0.268367
-0.270932
-0.273493
-0.276050
-0.278603
-0.281153
-0.283698
-0.286240
-0.288777
-0.291311
-0.293841
-0.296366
-0.298888
-0.301405
-0.303919
-0.306428
-0.308933
-0.311434
-0.313931
-0.316424
-0.318913
-0.321398
-0.323878
-0.326354
-0.328826
-0.331294
-0.333758
-0.336217
-0.338672
-0.341123
-0.343569
-0.346011
-0.348449
-0.350883
-0.353312
-0.355737
-0.358157
-0.360573
-0.362985
-0.365392
-0.367795
-0.370193
-0.372587
-0.374976
-0.377361
-0.379742
-0.382118
-0.384489
-0.386856
-0.389219
-0.391577
-0.393930
-0.396279
-0.398623
-0.400962
-0.403297
-0.405628
-0.407954
-0.410275
-0.412591
-0.414903
-0.417210
-0.419513
-0.421810
-0.424103
-0.426392
-0.428675
-0.430954
-0.433228
-0.435498
-0.437763
-0.440022
-0.442278
-0.444528
-0.446774
-0.449014
-0.451250
-0.453481
-0.455708
-0.457929
-0.460146
-0.462357
-0.464564
-0.466766
-0.468963
-0.471156
-0.473343
-0.475525
-0.477703
-0.479875
-0.482043
-0.484206
-0.486364
-0.488516
-0.490664
-0.492807
-0.494945
-0.497078
-0.499206
-0.501329
-0.503447
-0.505560
-0.507668
-0.509771
-0.511869
-0.513962
-0.516049
-0.518132
-0.520210
-0.522283
-0.524350
-0.526413
-0.528470
-0.530523
-0.532570
-0.534612
-0.536649
-0.538681
-0.540708
-0.542730
-0.544747
-0.546759
-0.548765
-0.550766
-0.552763
-0.554754
-0.556740
-0.558721
-0.560696
-0.562667
-0.564632
-0.566592
-0.568547
-0.570497
-0.572442
-0.574382
-0.576316
-0.578245
-0.580169
-0.582088
-0.584002
-0.585910
-0.587813
-0.589711
-0.591604
-0.593492
-0.595374
-0.597252
-0.599124
-0.600990
-0.602852
-0.604709
-0.606560
-0.608406
-0.610246
-0.612082
-0.613912
-0.615737
-0.617557
-0.619372
-0.621181
-0.622986
-0.624784
-0.626578
-0.628367
-0.630150
-0.631928
-0.633701
-0.635468
-0.637231
-0.638988
-0.640740
-0.642486
-0.644228
-0.645964
-0.647695
-0.649421
-0.651141
-0.652856
-0.654566
-0.656271
-0.657971
-0.659665
-0.661354
-0.663038
-0.664716
-0.666390
-0.668058
-0.669721
-0.671379
-0.673031
-0.674678
-0.676320
-0.677957
-0.679589
-0.681215
-0.682836
-0.684452
-0.686063
-0.687669
-0.689269
-0.690864
-0.692454
-0.694039
-0.695618
-0.697193
-0.698762
-0.700326
-0.701884
-0.703438
-0.704986
-0.706530
-0.708068
-0.709601
-0.711128
-0.712651
-0.714168
-0.715680
-0.717188
-0.718689
-0.720186
-0.721678
-0.723164
-0.724646
-0.726122
-0.727593
-0.729059
-0.730519
-0.731975
-0.733426
-0.734871
-0.736311
-0.737747
-0.739177
-0.740602
-0.742022
-0.743437
-0.744846
-0.746251
-0.747651
-0.749045
-0.750435
-0.751819
-0.753199
-0.754573
-0.755942
-0.757307
-0.758666
-0.760020
-0.761369
-0.762713
-0.764052
-0.765387
-0.766716
-0.768040
-0.769359
-0.770673
-0.771982
-0.773287
-0.774586
-0.775880
-0.777169
-0.778454
-0.779733
-0.781008
-0.782277
-0.783542
-0.784802
-0.786057
-0.787307
-0.788552
-0.789792
-0.791027
-0.792257
-0.793483
-0.794703
-0.795919
-0.797130
-0.798336
-0.799538
-0.800734
-0.801926
-0.803112
-0.804294
-0.805471
-0.806644
-0.807811
-0.808974
-0.810132
-0.811286
-0.812434
-0.813578
-0.814717
-0.815851
-0.816981
-0.818105
-0.819226
-0.820341
-0.821452
-0.822558
-0.823659
-0.824756
-0.825848
-0.826935
-0.828018
-0.829096
-0.830169
-0.831238
-0.832302
-0.833362
-0.834417
-0.835467
-0.836513
-0.837555
-0.838591
-0.839623
-0.840651
-0.841674
-0.842692
-0.843706
-0.844716
-0.845721
-0.846721
-0.847717
-0.848709
-0.849696
-0.850679
-0.851657
-0.852630
-0.853600
-0.854565
-0.855525
-0.856481
-0.857433
-0.858380
-0.859323
-0.860261
-0.861195
-0.862125
-0.863051
-0.863972
-0.864888
-0.865801
-0.866709
-0.867613
-0.868513
-0.869408
-0.870299
-0.871186
-0.872068
-0.872947
-0.873821
-0.874691
-0.875557
-0.876418
-0.877275
-0.878128
-0.878977
-0.879822
-0.880663
-0.881499
-0.882332
-0.883160
-0.883984
-0.884804
-0.885620
-0.886432
-0.887240
-0.888044
-0.888844
-0.889640
-0.890431
-0.891219
-0.892003
-0.892782
-0.893558
-0.894330
-0.895098
-0.895862
-0.896622
-0.897378
-0.898130
-0.898878
-0.899622
-0.900362
-0.901099
-0.901831
-0.902560
-0.903285
-0.904006
-0.904723
-0.905437
-0.906147
-0.906852
-0.907554
-0.908253
-0.908947
-0.909638
-0.910325
-0.911008
-0.911688
-0.912364
-0.913036
-0.913705
-0.914370
-0.915031
-0.915688
-0.916342
-0.916992
-0.917639
-0.918282
-0.918922
-0.919558
-0.920190
-0.920819
-0.921444
-0.922065
-0.922683
-0.923298
-0.923909
-0.924517
-0.925121
-0.925721
-0.926319
-0.926912
-0.927503
-0.928089
-0.928673
-0.929253
-0.929829
-0.930403
-0.930973
-0.931539
-0.932102
-0.932662
-0.933218
-0.933772
-0.934321
-0.934868
-0.935411
-0.935951
-0.936488
-0.937021
-0.937552
-0.938079
-0.938603
-0.939123
-0.939640
-0.940155
-0.940666
-0.941174
-0.941678
-0.942180
-0.942678
-0.943174
-0.943666
-0.944155
-0.944641
-0.945124
-0.945604
-0.946081
-0.946555
-0.947026
-0.947494
-0.947958
-0.948420
-0.948879
-0.949335
-0.949788
-0.950238
-0.950685
-0.951129
-0.951570
-0.952009
-0.952444
-0.952876
-0.953306
-0.953733
-0.954157
-0.954578
-0.954996
-0.955412
-0.955825
-0.956235
-0.956642
-0.957046
-0.957448
-0.957847
-0.958243
-0.958636
-0.959027
-0.959415
-0.959800
-0.960183
-0.960563
-0.960940
-0.961315
-0.961687
-0.962056
-0.962423
-0.962787
-0.963149
-0.963508
-0.963865
-0.964219
-0.964570
-0.964919
-0.965265
-0.965609
-0.965951
-0.966289
-0.966626
-0.966960
-0.967291
-0.967620
-0.967947
-0.968271
-0.968593
-0.968912
-0.969229
-0.969544
-0.969856
-0.970166
-0.970474
-0.970779
-0.971082
-0.971382
-0.971681
-0.971977
-0.972270
-0.972562
-0.972851
-0.973138
-0.973423
-0.973705
-0.973985
-0.974263
-0.974539
-0.974813
-0.975085
-0.975354
-0.975621
-0.975886
-0.976149
-0.976410
-0.976669
-0.976926
-0.977180
-0.977433
-0.977683
-0.977931
-0.978178
-0.978422
-0.978664
-0.978905
-0.979143
-0.979379
-0.979613
-0.979846
-0.980076
-0.980305
-0.980531
-0.980756
-0.980978
-0.981199
-0.981418
-0.981635
-0.981850
-0.982063
-0.982274
-0.982484
-0.982692
-0.982897
-0.983101
-0.983304
-0.983504
-0.983703
-0.983900
-0.984095
-0.984288
-0.984480
-0.984670
-0.984858
-0.985044
-0.985229
-0.985412
-0.985593
-0.985773
-0.985951
-0.986128
-0.986302
-0.986475
-0.986647
-0.986817
-0.986985
-0.987152
-0.987317
-0.987480
-0.987642
-0.987802
-0.987961
-0.988119
-0.988274
-0.988429
-0.988581
-0.988733
-0.988882
-0.989031
-0.989177
-0.989323
-0.989467
-0.989609
-0.989750
-0.989889
-0.990028
-0.990164
-0.990300
-0.990434
-0.990566
-0.990698
-0.990827
-0.990956
-0.991083
-0.991209
-0.991333
-0.991457
-0.991578
-0.991699
-0.991818
-0.991936
-0.992053
-0.992169
-0.992283
-0.992396
-0.992508
-0.992618
-0.992727
-0.992836
-0.992943
-0.993048
-0.993153
-0.993256
-0.993358
-0.993459
-0.993559
-0.993658
-0.993756
-0.993852
-0.993948
-0.994042
-0.994135
-0.994227
-0.994318
-0.994408
-0.994497
-0.994585
-0.994672
-0.994757
-0.994842
-0.994926
-0.995008
-0.995090
-0.995171
-0.995250
-0.995329
-0.995407
-0.995483
-0.995559
-0.995634
-0.995708
-0.995781
-0.995853
-0.995924
-0.995994
-0.996063
-0.996132
-0.996199
-0.996266
-0.996332
-0.996396
-0.996461
-0.996524
-0.996586
-0.996647
-0.996708
-0.996768
-0.996827
-0.996885
-0.996943
-0.996999
-0.997055
-0.997110
-0.997164
-0.997218
-0.997271
-0.997323
-0.997374
-0.997424
-0.997474
-0.997523
-0.997572
-0.997619
-0.997666
-0.997712
-0.997758
-0.997803
-0.997847
-0.997891
-0.997933
-0.997976
-0.998017
-0.998058
-0.998099
-0.998138
-0.998177
-0.998216
-0.998253
-0.998291
-0.998327
-0.998363
-0.998399
-0.998434
-0.998468
-0.998502
-0.998535
-0.998568
-0.998600
-0.998631
-0.998662
-0.998693
-0.998723
-0.998752
-0.998781
-0.998809
-0.998837
-0.998865
-0.998892
-0.998918
-0.998944
-0.998970
-0.998995
-0.999019
-0.999044
-0.999067
-0.999091
-0.999113
-0.999136
-0.999158
-0.999179
-0.999200
-0.999221
-0.999241
-0.999261
-0.999281
-0.999300
-0.999319
-0.999337
-0.999355
-0.999373
-0.999390
-0.999407
-0.999423
-0.999440
-0.999455
-0.999471
-0.999486
-0.999501
-0.999516
-0.999530
-0.999544
-0.999557
-0.999571
-0.999584
-0.999596
-0.999609
-0.999621
-0.999633
-0.999644
-0.999655
-0.999666
-0.999677
-0.999688
-0.999698
-0.999708
-0.999718
-0.999727
-0.999736
-0.999745
-0.999754
-0.999763
-0.999771
-0.999779
-0.999787
-0.999795
-0.999802
-0.999809
-0.999816
-0.999823
-0.999830
-0.999836
-0.999843
-0.999849
-0.999855
-0.999860
-0.999866
-0.999871
-0.999877
-0.999882
-0.999887
-0.999891
-0.999896
-0.999900
-0.999905
-0.999909
-0.999913
-0.999917
-0.999921
-0.999924
-0.999928
-0.999931
-0.999935
-0.999938
-0.999941
-0.999944
-0.999946
-0.999949
-0.999952
-0.999954
-0.999957
-0.999959
-0.999961
-0.999963
-0.999965
-0.999967
-0.999969
-0.999971
-0.999973
-0.999974
-0.999976
-0.999977
-0.999979
-0.999980
-0.999981
-0.999983
-0.999984
-0.999985
-0.999986
-0.999987
-0.999988
-0.999989
-0.999990
-0.999990
-0.999991
-0.999992
-0.999992
-0.999993
-0.999994
-0.999994
-0.999995
-0.999995
-0.999996
-0.999996
-0.999996
-0.999997
-0.999997
-0.999997
-0.999998
-0.999998
-0.999998
-0.999998
-0.999999
-0.999999
-0.999999
-0.999999
-0.999999
-0.999999
-0.999999
-0.999999
-1.000000
-1.000000
-1.000000
-1.000000
-1.000000
-1.000000
-1.000000
-1.000000
-1.000000
-1.000000
-1.000000
-1.000000
-1.000000
-1.000000
-1.000000
-1.000000
-1.000000
-1.000000
-1.000000
-1.000000
-1.000000
-1.000000
-1.000000
-1.000000
-1.000000
-1.000000
-1.000000
-1.000000
-1.000000
-1.000000
-1.000000
-1.000000
-1.000000
-1.000000
-1.000000
-1.000000
-1.000000
-1.000000
-1.000000
-1.000000
-1.000000
-1.000000
-1.000000
-1.000000
-1.000000
-1.000000
-1.000000
-1.000000
-0.999999
-0.999999
-0.999999
-0.999999
-0.999999
-0.999999
-0.999999
-0.999999
-0.999998
-0.999998
-0.999998
-0.999998
-0.999997
-0.999997
-0.999997
-0.999996
-0.999996
-0.999996
-0.999995
-0.999995
-0.999994
-0.999994
-0.999993
-0.999992
-0.999992
-0.999991
-0.999990
-0.999990
-0.999989
-0.999988
-0.999987
-0.999986
-0.999985
-0.999984
-0.999983
-0.999981
-0.999980
-0.999979
-0.999977
-0.999976
-0.999974
-0.999973
-0.999971
-0.999969
-0.999967
-0.999965
-0.999963
-0.999961
-0.999959
-0.999957
-0.999954
-0.999952
-0.999949
-0.999947
-0.999944
-0.999941
-0.999938
-0.999935
-0.999931
-0.999928
-0.999925
-0.999921
-0.999917
-0.999913
-0.999909
-0.999905
-0.999901
-0.999896
-0.999892
-0.999887
-0.999882
-0.999877
-0.999872
-0.999866
-0.999861
-0.999855
-0.999849
-0.999843
-0.999837
-0.999830
-0.999824
-0.999817
-0.999810
-0.999803
-0.999795
-0.999787
-0.999780
-0.999772
-0.999763
-0.999755
-0.999746
-0.999737
-0.999728
-0.999718
-0.999709
-0.999699
-0.999688
-0.999678
-0.999667
-0.999656
-0.999645
-0.999633
-0.999622
-0.999610
-0.999597
-0.999585
-0.999572
-0.999558
-0.999545
-0.999531
-0.999517
-0.999502
-0.999487
-0.999472
-0.999457
-0.999441
-0.999425
-0.999408
-0.999391
-0.999374
-0.999356
-0.999338
-0.999320
-0.999301
-0.999282
-0.999263
-0.999243
-0.999223
-0.999202
-0.999181
-0.999159
-0.999137
-0.999115
-0.999092
-0.999069
-0.999045
-0.999021
-0.998997
-0.998972
-0.998946
-0.998920
-0.998894
-0.998867
-0.998839
-0.998811
-0.998783
-0.998754
-0.998725
-0.998695
-0.998664
-0.998633
-0.998602
-0.998570
-0.998537
-0.998504
-0.998470
-0.998436
-0.998401
-0.998366
-0.998330
-0.998293
-0.998256
-0.998218
-0.998180
-0.998141
-0.998101
-0.998061
-0.998020
-0.997979
-0.997936
-0.997894
-0.997850
-0.997806
-0.997761
-0.997716
-0.997669
-0.997623
-0.997575
-0.997527
-0.997478
-0.997428
-0.997377
-0.997326
-0.997274
-0.997222
-0.997168
-0.997114
-0.997059
-0.997003
-0.996947
-0.996889
-0.996831
-0.996772
-0.996712
-0.996652
-0.996590
-0.996528
-0.996465
-0.996401
-0.996336
-0.996271
-0.996204
-0.996137
-0.996068
-0.995999
-0.995929
-0.995858
-0.995786
-0.995713
-0.995639
-0.995564
-0.995489
-0.995412
-0.995334
-0.995256
-0.995176
-0.995096
-0.995014
-0.994931
-0.994848
-0.994763
-0.994678
-0.994591
-0.994503
-0.994414
-0.994324
-0.994234
-0.994141
-0.994048
-0.993954
-0.993859
-0.993762
-0.993665
-0.993566
-0.993466
-0.993365
-0.993263
-0.993160
-0.993056
-0.992950
-0.992843
-0.992735
-0.992626
-0.992515
-0.992404
-0.992291
-0.992177
-0.992061
-0.991945
-0.991827
-0.991707
-0.991587
-0.991465
-0.991342
-0.991218
-0.991092
-0.990965
-0.990836
-0.990707
-0.990576
-0.990443
-0.990309
-0.990174
-0.990037
-0.989899
-0.989760
-0.989619
-0.989477
-0.989333
-0.989188
-0.989041
-0.988893
-0.988743
-0.988592
-0.988439
-0.988285
-0.988130
-0.987972
-0.987814
-0.987653
-0.987492
-0.987328
-0.987163
-0.986997
-0.986829
-0.986659
-0.986488
-0.986315
-0.986140
-0.985964
-0.985786
-0.985606
-0.985425
-0.985242
-0.985057
-0.984871
-0.984683
-0.984493
-0.984302
-0.984108
-0.983913
-0.983717
-0.983518
-0.983318
-0.983116
-0.982912
-0.982706
-0.982499
-0.982289
-0.982078
-0.981865
-0.981650
-0.981433
-0.981214
-0.980994
-0.980771
-0.980547
-0.980321
-0.980092
-0.979862
-0.979630
-0.979396
-0.979160
-0.978921
-0.978681
-0.978439
-0.978195
-0.977949
-0.977701
-0.977450
-0.977198
-0.976943
-0.976687
-0.976428
-0.976168
-0.975905
-0.975640
-0.975373
-0.975104
-0.974832
-0.974559
-0.974283
-0.974005
-0.973725
-0.973443
-0.973158
-0.972871
-0.972582
-0.972291
-0.971997
-0.971701
-0.971403
-0.971103
-0.970800
-0.970495
-0.970188
-0.969878
-0.969566
-0.969251
-0.968935
-0.968615
-0.968294
-0.967970
-0.967643
-0.967314
-0.966983
-0.966649
-0.966313
-0.965974
-0.965633
-0.965290
-0.964943
-0.964595
-0.964243
-0.963890
-0.963533
-0.963174
-0.962813
-0.962449
-0.962082
-0.961713
-0.961341
-0.960967
-0.960589
-0.960210
-0.959827
-0.959442
-0.959054
-0.958664
-0.958270
-0.957874
-0.957476
-0.957074
-0.956670
-0.956263
-0.955854
-0.955441
-0.955026
-0.954608
-0.954187
-0.953763
-0.953336
-0.952907
-0.952474
-0.952039
-0.951601
-0.951160
-0.950716
-0.950269
-0.949820
-0.949367
-0.948911
-0.948453
-0.947991
-0.947526
-0.947059
-0.946588
-0.946115
-0.945638
-0.945158
-0.944675
-0.944189
-0.943701
-0.943208
-0.942713
-0.942215
-0.941714
-0.941209
-0.940702
-0.940191
-0.939677
-0.939160
-0.938639
-0.938116
-0.937589
-0.937059
-0.936526
-0.935989
-0.935449
-0.934906
-0.934360
-0.933810
-0.933257
-0.932701
-0.932142
-0.931579
-0.931012
-0.930443
-0.929870
-0.929294
-0.928714
-0.928131
-0.927544
-0.926954
-0.926360
-0.925764
-0.925163
-0.924559
-0.923952
-0.923341
-0.922727
-0.922109
-0.921488
-0.920863
-0.920234
-0.919602
-0.918966
-0.918327
-0.917685
-0.917038
-0.916388
-0.915734
-0.915077
-0.914416
-0.913752
-0.913083
-0.912411
-0.911736
-0.911056
-0.910373
-0.909687
-0.908996
-0.908302
-0.907604
-0.906902
-0.906196
-0.905487
-0.904774
-0.904057
-0.903336
-0.902611
-0.901883
-0.901150
-0.900414
-0.899674
-0.898930
-0.898182
-0.897431
-0.896675
-0.895915
-0.895152
-0.894384
-0.893613
-0.892837
-0.892058
-0.891274
-0.890487
-0.889695
-0.888900
-0.888101
-0.887297
-0.886489
-0.885678
-0.884862
-0.884042
-0.883218
-0.882390
-0.881558
-0.880722
-0.879882
-0.879037
-0.878188
-0.877335
-0.876478
-0.875617
-0.874752
-0.873882
-0.873008
-0.872130
-0.871248
-0.870362
-0.869471
-0.868576
-0.867676
-0.866773
-0.865865
-0.864953
-0.864036
-0.863116
-0.862190
-0.861261
-0.860327
-0.859389
-0.858446
-0.857499
-0.856548
-0.855592
-0.854632
-0.853668
-0.852699
-0.851725
-0.850748
-0.849765
-0.848779
-0.847787
-0.846792
-0.845791
-0.844787
-0.843778
-0.842764
-0.841746
-0.840723
-0.839696
-0.838664
-0.837628
-0.836587
-0.835541
-0.834491
-0.833436
-0.832377
-0.831313
-0.830245
-0.829172
-0.828094
-0.827012
-0.825924
-0.824833
-0.823736
-0.822635
-0.821530
-0.820419
-0.819304
-0.818184
-0.817060
-0.815931
-0.814797
-0.813658
-0.812515
-0.811366
-0.810214
-0.809056
-0.807893
-0.806726
-0.805554
-0.804377
-0.803196
-0.802009
-0.800818
-0.799622
-0.798421
-0.797215
-0.796005
-0.794789
-0.793569
-0.792344
-0.791114
-0.789879
-0.788639
-0.787394
-0.786145
-0.784890
-0.783631
-0.782367
-0.781097
-0.779823
-0.778544
-0.777260
-0.775971
-0.774677
-0.773378
-0.772074
-0.770765
-0.769452
-0.768133
-0.766809
-0.765480
-0.764146
-0.762808
-0.761464
-0.760115
-0.758761
-0.757402
-0.756038
-0.754669
-0.753296
-0.751916
-0.750532
-0.749143
-0.747749
-0.746350
-0.744945
-0.743536
-0.742122
-0.740702
-0.739277
-0.737847
-0.736413
-0.734973
-0.733528
-0.732077
-0.730622
-0.729162
-0.727696
-0.726225
-0.724750
-0.723269
-0.721782
-0.720291
-0.718795
-0.717293
-0.715787
-0.714275
-0.712758
-0.711236
-0.709708
-0.708176
-0.706638
-0.705095
-0.703547
-0.701994
-0.700436
-0.698872
-0.697303
-0.695729
-0.694150
-0.692566
-0.690976
-0.689381
-0.687781
-0.686176
-0.684566
-0.682950
-0.681329
-0.679703
-0.678072
-0.676436
-0.674794
-0.673147
-0.671495
-0.669838
-0.668175
-0.666507
-0.664834
-0.663156
-0.661473
-0.659784
-0.658090
-0.656391
-0.654686
-0.652977
-0.651262
-0.649542
-0.647816
-0.646086
-0.644350
-0.642609
-0.640863
-0.639111
-0.637354
-0.635593
-0.633825
-0.632053
-0.630275
-0.628492
-0.626704
-0.624911
-0.623112
-0.621308
-0.619499
-0.617685
-0.615866
-0.614041
-0.612211
-0.610376
-0.608535
-0.606690
-0.604839
-0.602983
-0.601122
-0.599255
-0.597383
-0.595507
-0.593624
-0.591737
-0.589845
-0.587947
-0.586044
-0.584136
-0.582223
-0.580304
-0.578381
-0.576452
-0.574518
-0.572579
-0.570634
-0.568685
-0.566730
-0.564770
-0.562805
-0.560835
-0.558860
-0.556879
-0.554894
-0.552903
-0.550907
-0.548906
-0.546900
-0.544889
-0.542872
-0.540851
-0.538824
-0.536793
-0.534756
-0.532714
-0.530667
-0.528615
-0.526558
-0.524495
-0.522428
-0.520356
-0.518278
-0.516196
-0.514109
-0.512016
-0.509918
-0.507816
-0.505708
-0.503596
-0.501478
-0.499355
-0.497228
-0.495095
-0.492958
-0.490815
-0.488668
-0.486515
-0.484358
-0.482195
-0.480028
-0.477856
-0.475679
-0.473497
-0.471310
-0.469118
-0.466921
-0.464719
-0.462513
-0.460301
-0.458085
-0.455864
-0.453638
-0.451407
-0.449172
-0.446931
-0.444686
-0.442436
-0.440181
-0.437922
-0.435657
-0.433388
-0.431114
-0.428836
-0.426553
-0.424264
-0.421972
-0.419674
-0.417372
-0.415065
-0.412754
-0.410438
-0.408117
-0.405792
-0.403462
-0.401127
-0.398788
-0.396444
-0.394095
-0.391742
-0.389385
-0.387023
-0.384656
-0.382285
-0.379909
-0.377529
-0.375144
-0.372755
-0.370362
-0.367964
-0.365561
-0.363154
-0.360743
-0.358327
-0.355907
-0.353483
-0.351054
-0.348620
-0.346183
-0.343741
-0.341295
-0.338845
-0.336390
-0.333931
-0.331468
-0.329000
-0.326528
-0.324052
-0.321572
-0.319088
-0.316600
-0.314107
-0.311610
-0.309109
-0.306604
-0.304095
-0.301582
-0.299065
-0.296544
-0.294018
-0.291489
-0.288956
-0.286418
-0.283877
-0.281332
-0.278783
-0.276230
-0.273673
-0.271112
-0.268547
-0.265979
-0.263406
-0.260830
-0.258250
-0.255666
-0.253079
-0.250487
-0.247892
-0.245293
-0.242691
-0.240085
-0.237475
-0.234862
-0.232244
-0.229624
-0.226999
-0.224372
-0.221740
-0.219105
-0.216467
-0.213825
-0.211179
-0.208530
-0.205878
-0.203222
-0.200563
-0.197900
-0.195235
-0.192565
-0.189893
-0.187217
-0.184538
-0.181855
-0.179169
-0.176480
-0.173788
-0.171093
-0.168395
-0.165693
-0.162988
-0.160280
-0.157569
-0.154855
-0.152138
-0.149418
-0.146695
-0.143969
-0.141240
-0.138508
-0.135773
-0.133036
-0.130295
-0.127552
-0.124805
-0.122056
-0.119304
-0.116550
-0.113792
-0.111032
-0.108270
-0.105504
-0.102736
-0.099966
-0.097192
-0.094416
-0.091638
-0.088857
-0.086074
-0.083288
-0.080499
-0.077708
-0.074915
-0.072120
-0.069322
-0.066521
