-0.242
-0.242
-0.242
-0.242
-0.242
-0.242
-0.242
-0.242
-0.242
-0.242
-0.242
-0.242
-0.242
-0.242
-0.242
-0.242
-0.504
-0.504
-0.504
-0.504
-0.504
-0.504
-0.504
-0.504
-0.504
-0.504
-0.504
-0.504
-0.504
-0.504
-0.504
-0.504
-0.684
-0.684
-0.684
-0.684
-0.684
-0.684
-0.684
-0.684
-0.684
-0.684
-0.684
-0.684
-0.684
-0.684
-0.684
-0.684
-0.805
-0.805
-0.805
-0.805
-0.805
-0.805
-0.805
-0.805
-0.805
-0.805
-0.805
-0.805
-0.805
-0.805
-0.805
-0.805
-0.914
-0.914
-0.914
-0.914
-0.914
-0.914
-0.914
-0.914
-0.914
-0.914
-0.914
-0.914
-0.914
-0.914
-0.914
-0.914
-0.91
-0.91
-0.91
-0.91
-0.91
-0.91
-0.91
-0.91
-0.91
-0.91
-0.91
-0.91
-0.91
-0.91
-0.91
-0.91
-0.914
-0.914
-0.914
-0.914
-0.914
-0.914
-0.914
-0.914
-0.914
-0.914
-0.914
-0.914
-0.914
-0.914
-0.914
-0.914
-0.906
-0.906
-0.906
-0.906
-0.906
-0.906
-0.906
-0.906
-0.906
-0.906
-0.906
-0.906
-0.906
-0.906
-0.906
-0.906
-0.832
-0.832
-0.832
-0.832
-0.832
-0.832
-0.832
-0.832
-0.832
-0.832
-0.832
-0.832
-0.832
-0.832
-0.832
-0.832
-0.738
-0.738
-0.738
-0.738
-0.738
-0.738
-0.738
-0.738
-0.738
-0.738
-0.738
-0.738
-0.738
-0.738
-0.738
-0.738
-0.621
-0.621
-0.621
-0.621
-0.621
-0.621
-0.621
-0.621
-0.621
-0.621
-0.621
-0.621
-0.621
-0.621
-0.621
-0.621
-0.543
-0.543
-0.543
-0.543
-0.543
-0.543
-0.543
-0.543
-0.543
-0.543
-0.543
-0.543
-0.543
-0.543
-0.543
-0.543
-0.484
-0.484
-0.484
-0.484
-0.484
-0.484
-0.484
-0.484
-0.484
-0.484
-0.484
-0.484
-0.484
-0.484
-0.484
-0.484
-0.379
-0.379
-0.379
-0.379
-0.379
-0.379
-0.379
-0.379
-0.379
-0.379
-0.379
-0.379
-0.379
-0.379
-0.379
-0.379
-0.41
-0.41
-0.41
-0.41
-0.41
-0.41
-0.41
-0.41
-0.41
-0.41
-0.41
-0.41
-0.41
-0.41
-0.41
-0.41
-0.344
-0.344
-0.344
-0.344
-0.344
-0.344
-0.344
-0.344
-0.344
-0.344
-0.344
-0.344
-0.344
-0.344
-0.344
-0.344
-0.274
-0.274
-0.274
-0.274
-0.274
-0.274
-0.274
-0.274
-0.274
-0.274
-0.274
-0.274
-0.274
-0.274
-0.274
-0.274
-0.227
-0.227
-0.227
-0.227
-0.227
-0.227
-0.227
-0.227
-0.227
-0.227
-0.227
-0.227
-0.227
-0.227
-0.227
-0.227
-0.137
-0.137
-0.137
-0.137
-0.137
-0.137
-0.137
-0.137
-0.137
-0.137
-0.137
-0.137
-0.137
-0.137
-0.137
-0.137
-0.109
-0.109
-0.109
-0.109
-0.109
-0.109
-0.109
-0.109
-0.109
-0.109
-0.109
-0.109
-0.109
-0.109
-0.109
-0.109
-0.047
-0.047
-0.047
-0.047
-0.047
-0.047
-0.047
-0.047
-0.047
-0.047
-0.047
-0.047
-0.047
-0.047
-0.047
-0.047
-0.047
-0.047
-0.047
-0.047
-0.047
-0.047
-0.047
-0.047
-0.047
-0.047
-0.047
-0.047
-0.047
-0.047
-0.047
-0.047
-0.051
-0.051
-0.051
-0.051
-0.051
-0.051
-0.051
-0.051
-0.051
-0.051
-0.051
-0.051
-0.051
-0.051
-0.051
-0.051
0.023
0.023
0.023
0.023
0.023
0.023
0.023
0.023
0.023
0.023
0.023
0.023
0.023
0.023
0.023
0.023
0.227
0.227
0.227
0.227
0.227
0.227
0.227
0.227
0.227
0.227
0.227
0.227
0.227
0.227
0.227
0.227
0.418
0.418
0.418
0.418
0.418
0.418
0.418
0.418
0.418
0.418
0.418
0.418
0.418
0.418
0.418
0.418
0.535
0.535
0.535
0.535
0.535
0.535
0.535
0.535
0.535
0.535
0.535
0.535
0.535
0.535
0.535
0.535
0.539
0.539
0.539
0.539
0.539
0.539
0.539
0.539
0.539
0.539
0.539
0.539
0.539
0.539
0.539
0.539
0.531
0.531
0.531
0.531
0.531
0.531
0.531
0.531
0.531
0.531
0.531
0.531
0.531
0.531
0.531
0.531
0.586
0.586
0.586
0.586
0.586
0.586
0.586
0.586
0.586
0.586
0.586
0.586
0.586
0.586
0.586
0.586
0.727
0.727
0.727
0.727
0.727
0.727
0.727
0.727
0.727
0.727
0.727
0.727
0.727
0.727
0.727
0.727
0.906
0.906
0.906
0.906
0.906
0.906
0.906
0.906
0.906
0.906
0.906
0.906
0.906
0.906
0.906
0.906
1.035
1.035
1.035
1.035
1.035
1.035
1.035
1.035
1.035
1.035
1.035
1.035
1.035
1.035
1.035
1.035
1.125
1.125
1.125
1.125
1.125
1.125
1.125
1.125
1.125
1.125
1.125
1.125
1.125
1.125
1.125
1.125
1.153
1.153
1.153
1.153
1.153
1.153
1.153
1.153
1.153
1.153
1.153
1.153
1.153
1.153
1.153
1.153
1.157
1.157
1.157
1.157
1.157
1.157
1.157
1.157
1.157
1.157
1.157
1.157
1.157
1.157
1.157
1.157
0.93
0.93
0.93
0.93
0.93
0.93
0.93
0.93
0.93
0.93
0.93
0.93
0.93
0.93
0.93
0.93
0.676
0.676
0.676
0.676
0.676
0.676
0.676
0.676
0.676
0.676
0.676
0.676
0.676
0.676
0.676
0.676
0.633
0.633
0.633
0.633
0.633
0.633
0.633
0.633
0.633
0.633
0.633
0.633
0.633
0.633
0.633
0.633
0.426
0.426
0.426
0.426
0.426
0.426
0.426
0.426
0.426
0.426
0.426
0.426
0.426
0.426
0.426
0.426
-0.066
-0.066
-0.066
-0.066
-0.066
-0.066
-0.066
-0.066
-0.066
-0.066
-0.066
-0.066
-0.066
-0.066
-0.066
-0.066
-0.43
-0.43
-0.43
-0.43
-0.43
-0.43
-0.43
-0.43
-0.43
-0.43
-0.43
-0.43
-0.43
-0.43
-0.43
-0.43
-0.684
-0.684
-0.684
-0.684
-0.684
-0.684
-0.684
-0.684
-0.684
-0.684
-0.684
-0.684
-0.684
-0.684
-0.684
-0.684
-0.828
-0.828
-0.828
-0.828
-0.828
-0.828
-0.828
-0.828
-0.828
-0.828
-0.828
-0.828
-0.828
-0.828
-0.828
-0.828
-0.961
-0.961
-0.961
-0.961
-0.961
-0.961
-0.961
-0.961
-0.961
-0.961
-0.961
-0.961
-0.961
-0.961
-0.961
-0.961
-0.977
-0.977
-0.977
-0.977
-0.977
-0.977
-0.977
-0.977
-0.977
-0.977
-0.977
-0.977
-0.977
-0.977
-0.977
-0.977
-0.914
-0.914
-0.914
-0.914
-0.914
-0.914
-0.914
-0.914
-0.914
-0.914
-0.914
-0.914
-0.914
-0.914
-0.914
-0.914
-0.848
-0.848
-0.848
-0.848
-0.848
-0.848
-0.848
-0.848
-0.848
-0.848
-0.848
-0.848
-0.848
-0.848
-0.848
-0.848
-0.793
-0.793
-0.793
-0.793
-0.793
-0.793
-0.793
-0.793
-0.793
-0.793
-0.793
-0.793
-0.793
-0.793
-0.793
-0.793
-0.742
-0.742
-0.742
-0.742
-0.742
-0.742
-0.742
-0.742
-0.742
-0.742
-0.742
-0.742
-0.742
-0.742
-0.742
-0.742
-0.649
-0.649
-0.649
-0.649
-0.649
-0.649
-0.649
-0.649
-0.649
-0.649
-0.649
-0.649
-0.649
-0.649
-0.649
-0.649
-0.653
-0.653
-0.653
-0.653
-0.653
-0.653
-0.653
-0.653
-0.653
-0.653
-0.653
-0.653
-0.653
-0.653
-0.653
-0.653
-0.586
-0.586
-0.586
-0.586
-0.586
-0.586
-0.586
-0.586
-0.586
-0.586
-0.586
-0.586
-0.586
-0.586
-0.586
-0.586
-0.508
-0.508
-0.508
-0.508
-0.508
-0.508
-0.508
-0.508
-0.508
-0.508
-0.508
-0.508
-0.508
-0.508
-0.508
-0.508
-0.434
-0.434
-0.434
-0.434
-0.434
-0.434
-0.434
-0.434
-0.434
-0.434
-0.434
-0.434
-0.434
-0.434
-0.434
-0.434
-0.344
-0.344
-0.344
-0.344
-0.344
-0.344
-0.344
-0.344
-0.344
-0.344
-0.344
-0.344
-0.344
-0.344
-0.344
-0.344
-0.293
-0.293
-0.293
-0.293
-0.293
-0.293
-0.293
-0.293
-0.293
-0.293
-0.293
-0.293
-0.293
-0.293
-0.293
-0.293
-0.242
-0.242
-0.242
-0.242
-0.242
-0.242
-0.242
-0.242
-0.242
-0.242
-0.242
-0.242
-0.242
-0.242
-0.242
-0.242
-0.18
-0.18
-0.18
-0.18
-0.18
-0.18
-0.18
-0.18
-0.18
-0.18
-0.18
-0.18
-0.18
-0.18
-0.18
-0.18
-0.219
-0.219
-0.219
-0.219
-0.219
-0.219
-0.219
-0.219
-0.219
-0.219
-0.219
-0.219
-0.219
-0.219
-0.219
-0.219
-0.211
-0.211
-0.211
-0.211
-0.211
-0.211
-0.211
-0.211
-0.211
-0.211
-0.211
-0.211
-0.211
-0.211
-0.211
-0.211
-0.152
-0.152
-0.152
-0.152
-0.152
-0.152
-0.152
-0.152
-0.152
-0.152
-0.152
-0.152
-0.152
-0.152
-0.152
-0.152
-0.063
-0.063
-0.063
-0.063
-0.063
-0.063
-0.063
-0.063
-0.063
-0.063
-0.063
-0.063
-0.063
-0.063
-0.063
-0.063
0.176
0.176
0.176
0.176
0.176
0.176
0.176
0.176
0.176
0.176
0.176
0.176
0.176
0.176
0.176
0.176
0.328
0.328
0.328
0.328
0.328
0.328
0.328
0.328
0.328
0.328
0.328
0.328
0.328
0.328
0.328
0.328
0.402
0.402
0.402
0.402
0.402
0.402
0.402
0.402
0.402
0.402
0.402
0.402
0.402
0.402
0.402
0.402
0.301
0.301
0.301
0.301
0.301
0.301
0.301
0.301
0.301
0.301
0.301
0.301
0.301
0.301
0.301
0.301
0.191
0.191
0.191
0.191
0.191
0.191
0.191
0.191
0.191
0.191
0.191
0.191
0.191
0.191
0.191
0.191
0.195
0.195
0.195
0.195
0.195
0.195
0.195
0.195
0.195
0.195
0.195
0.195
0.195
0.195
0.195
0.195
0.191
0.191
0.191
0.191
0.191
0.191
0.191
0.191
0.191
0.191
0.191
0.191
0.191
0.191
0.191
0.191
0.242
0.242
0.242
0.242
0.242
0.242
0.242
0.242
0.242
0.242
0.242
0.242
0.242
0.242
0.242
0.242
0.274
0.274
0.274
0.274
0.274
0.274
0.274
0.274
0.274
0.274
0.274
0.274
0.274
0.274
0.274
0.274
0.363
0.363
0.363
0.363
0.363
0.363
0.363
0.363
0.363
0.363
0.363
0.363
0.363
0.363
0.363
0.363
0.383
0.383
0.383
0.383
0.383
0.383
0.383
0.383
0.383
0.383
0.383
0.383
0.383
0.383
0.383
0.383
0.246
0.246
0.246
0.246
0.246
0.246
0.246
0.246
0.246
0.246
0.246
0.246
0.246
0.246
0.246
0.246
0.207
0.207
0.207
0.207
0.207
0.207
0.207
0.207
0.207
0.207
0.207
0.207
0.207
0.207
0.207
0.207
0.301
0.301
0.301
0.301
0.301
0.301
0.301
0.301
0.301
0.301
0.301
0.301
0.301
0.301
0.301
0.301
0.387
0.387
0.387
0.387
0.387
0.387
0.387
0.387
0.387
0.387
0.387
0.387
0.387
0.387
0.387
0.387
0.414
0.414
0.414
0.414
0.414
0.414
0.414
0.414
0.414
0.414
0.414
0.414
0.414
0.414
0.414
0.414
0.375
0.375
0.375
0.375
0.375
0.375
0.375
0.375
0.375
0.375
0.375
0.375
0.375
0.375
0.375
0.375
0.395
0.395
0.395
0.395
0.395
0.395
0.395
0.395
0.395
0.395
0.395
0.395
0.395
0.395
0.395
0.395
0.442
0.442
0.442
0.442
0.442
0.442
0.442
0.442
0.442
0.442
0.442
0.442
0.442
0.442
0.442
0.442
0.344
0.344
0.344
0.344
0.344
0.344
0.344
0.344
0.344
0.344
0.344
0.344
0.344
0.344
0.344
0.344
0.199
0.199
0.199
0.199
0.199
0.199
0.199
0.199
0.199
0.199
0.199
0.199
0.199
0.199
0.199
0.199
0.023
0.023
0.023
0.023
0.023
0.023
0.023
0.023
0.023
0.023
0.023
0.023
0.023
0.023
0.023
0.023
-0.125
-0.125
-0.125
-0.125
-0.125
-0.125
-0.125
-0.125
-0.125
-0.125
-0.125
-0.125
-0.125
-0.125
-0.125
-0.125
-0.25
-0.25
-0.25
-0.25
-0.25
-0.25
-0.25
-0.25
-0.25
-0.25
-0.25
-0.25
-0.25
-0.25
-0.25
-0.25
-0.332
-0.332
-0.332
-0.332
-0.332
-0.332
-0.332
-0.332
-0.332
-0.332
-0.332
-0.332
-0.332
-0.332
-0.332
-0.332
-0.348
-0.348
-0.348
-0.348
-0.348
-0.348
-0.348
-0.348
-0.348
-0.348
-0.348
-0.348
-0.348
-0.348
-0.348
-0.348
-0.461
-0.461
-0.461
-0.461
-0.461
-0.461
-0.461
-0.461
-0.461
-0.461
-0.461
-0.461
-0.461
-0.461
-0.461
-0.461
-0.465
-0.465
-0.465
-0.465
-0.465
-0.465
-0.465
-0.465
-0.465
-0.465
-0.465
-0.465
-0.465
-0.465
-0.465
-0.465
-0.453
-0.453
-0.453
-0.453
-0.453
-0.453
-0.453
-0.453
-0.453
-0.453
-0.453
-0.453
-0.453
-0.453
-0.453
-0.453
-0.402
-0.402
-0.402
-0.402
-0.402
-0.402
-0.402
-0.402
-0.402
-0.402
-0.402
-0.402
-0.402
-0.402
-0.402
-0.402
-0.348
-0.348
-0.348
-0.348
-0.348
-0.348
-0.348
-0.348
-0.348
-0.348
-0.348
-0.348
-0.348
-0.348
-0.348
-0.348
-0.336
-0.336
-0.336
-0.336
-0.336
-0.336
-0.336
-0.336
-0.336
-0.336
-0.336
-0.336
-0.336
-0.336
-0.336
-0.336
-0.289
-0.289
-0.289
-0.289
-0.289
-0.289
-0.289
-0.289
-0.289
-0.289
-0.289
-0.289
-0.289
-0.289
-0.289
-0.289
-0.254
-0.254
-0.254
-0.254
-0.254
-0.254
-0.254
-0.254
-0.254
-0.254
-0.254
-0.254
-0.254
-0.254
-0.254
-0.254
-0.293
-0.293
-0.293
-0.293
-0.293
-0.293
-0.293
-0.293
-0.293
-0.293
-0.293
-0.293
-0.293
-0.293
-0.293
-0.293
-0.27
-0.27
-0.27
-0.27
-0.27
-0.27
-0.27
-0.27
-0.27
-0.27
-0.27
-0.27
-0.27
-0.27
-0.27
-0.27
-0.227
-0.227
-0.227
-0.227
-0.227
-0.227
-0.227
-0.227
-0.227
-0.227
-0.227
-0.227
-0.227
-0.227
-0.227
-0.227
-0.195
-0.195
-0.195
-0.195
-0.195
-0.195
-0.195
-0.195
-0.195
-0.195
-0.195
-0.195
-0.195
-0.195
-0.195
-0.195
-0.137
-0.137
-0.137
-0.137
-0.137
-0.137
-0.137
-0.137
-0.137
-0.137
-0.137
-0.137
-0.137
-0.137
-0.137
-0.137
-0.113
-0.113
-0.113
-0.113
-0.113
-0.113
-0.113
-0.113
-0.113
-0.113
-0.113
-0.113
-0.113
-0.113
-0.113
-0.113
-0.051
-0.051
-0.051
-0.051
-0.051
-0.051
-0.051
-0.051
-0.051
-0.051
-0.051
-0.051
-0.051
-0.051
-0.051
-0.051
-0.031
-0.031
-0.031
-0.031
-0.031
-0.031
-0.031
-0.031
-0.031
-0.031
-0.031
-0.031
-0.031
-0.031
-0.031
-0.031
-0.059
-0.059
-0.059
-0.059
-0.059
-0.059
-0.059
-0.059
-0.059
-0.059
-0.059
-0.059
-0.059
-0.059
-0.059
-0.059
-0.047
-0.047
-0.047
-0.047
-0.047
-0.047
-0.047
-0.047
-0.047
-0.047
-0.047
-0.047
-0.047
-0.047
-0.047
-0.047
-0.035
-0.035
-0.035
-0.035
-0.035
-0.035
-0.035
-0.035
-0.035
-0.035
-0.035
-0.035
-0.035
-0.035
-0.035
-0.035
0.023
0.023
0.023
0.023
0.023
0.023
0.023
0.023
0.023
0.023
0.023
0.023
0.023
0.023
0.023
0.023
0.078
0.078
0.078
0.078
0.078
0.078
0.078
0.078
0.078
0.078
0.078
0.078
0.078
0.078
0.078
0.078
0.082
0.082
0.082
0.082
0.082
0.082
0.082
0.082
0.082
0.082
0.082
0.082
0.082
0.082
0.082
0.082
0.082
0.082
0.082
0.082
0.082
0.082
0.082
0.082
0.082
0.082
0.082
0.082
0.082
0.082
0.082
0.082
0.078
0.078
0.078
0.078
0.078
0.078
0.078
0.078
0.078
0.078
0.078
0.078
0.078
0.078
0.078
0.078
0.059
0.059
0.059
0.059
0.059
0.059
0.059
0.059
0.059
0.059
0.059
0.059
0.059
0.059
0.059
0.059
0.074
0.074
0.074
0.074
0.074
0.074
0.074
0.074
0.074
0.074
0.074
0.074
0.074
0.074
0.074
0.074
0.094
0.094
0.094
0.094
0.094
0.094
0.094
0.094
0.094
0.094
0.094
0.094
0.094
0.094
0.094
0.094
0.168
0.168
0.168
0.168
0.168
0.168
0.168
0.168
0.168
0.168
0.168
0.168
0.168
0.168
0.168
0.168
0.172
0.172
0.172
0.172
0.172
0.172
0.172
0.172
0.172
0.172
0.172
0.172
0.172
0.172
0.172
0.172
0.172
0.172
0.172
0.172
0.172
0.172
0.172
0.172
0.172
0.172
0.172
0.172
0.172
0.172
0.172
0.172
0.195
0.195
0.195
0.195
0.195
0.195
0.195
0.195
0.195
0.195
0.195
0.195
0.195
0.195
0.195
0.195
0.145
0.145
0.145
0.145
0.145
0.145
0.145
0.145
0.145
0.145
0.145
0.145
0.145
0.145
0.145
0.145
0.078
0.078
0.078
0.078
0.078
0.078
0.078
0.078
0.078
0.078
0.078
0.078
0.078
0.078
0.078
0.078
0.082
0.082
0.082
0.082
0.082
0.082
0.082
0.082
0.082
0.082
0.082
0.082
0.082
0.082
0.082
0.082
0.109
0.109
0.109
0.109
0.109
0.109
0.109
0.109
0.109
0.109
0.109
0.109
0.109
0.109
0.109
0.109
0.18
0.18
0.18
0.18
0.18
0.18
0.18
0.18
0.18
0.18
0.18
0.18
0.18
0.18
0.18
0.18
0.176
0.176
0.176
0.176
0.176
0.176
0.176
0.176
0.176
0.176
0.176
0.176
0.176
0.176
0.176
0.176
0.195
0.195
0.195
0.195
0.195
0.195
0.195
0.195
0.195
0.195
0.195
0.195
0.195
0.195
0.195
0.195
0.203
0.203
0.203
0.203
0.203
0.203
0.203
0.203
0.203
0.203
0.203
0.203
0.203
0.203
0.203
0.203
0.102
0.102
0.102
0.102
0.102
0.102
0.102
0.102
0.102
0.102
0.102
0.102
0.102
0.102
0.102
0.102
0.063
0.063
0.063
0.063
0.063
0.063
0.063
0.063
0.063
0.063
0.063
0.063
0.063
0.063
0.063
0.063
0.121
0.121
0.121
0.121
0.121
0.121
0.121
0.121
0.121
0.121
0.121
0.121
0.121
0.121
0.121
0.121
0.145
0.145
0.145
0.145
0.145
0.145
0.145
0.145
0.145
0.145
0.145
0.145
0.145
0.145
0.145
0.145
0.207
0.207
0.207
0.207
0.207
0.207
0.207
0.207
0.207
0.207
0.207
0.207
0.207
0.207
0.207
0.207
0.176
0.176
0.176
0.176
0.176
0.176
0.176
0.176
0.176
0.176
0.176
0.176
0.176
0.176
0.176
0.176
0.152
0.152
0.152
0.152
0.152
0.152
0.152
0.152
0.152
0.152
0.152
0.152
0.152
0.152
0.152
0.152
0.141
0.141
0.141
0.141
0.141
0.141
0.141
0.141
0.141
0.141
0.141
0.141
0.141
0.141
0.141
0.141
-0.004
-0.004
-0.004
-0.004
-0.004
-0.004
-0.004
-0.004
-0.004
-0.004
-0.004
-0.004
-0.004
-0.004
-0.004
-0.004
-0.02
-0.02
-0.02
-0.02
-0.02
-0.02
-0.02
-0.02
-0.02
-0.02
-0.02
-0.02
-0.02
-0.02
-0.02
-0.02
-0.012
-0.012
-0.012
-0.012
-0.012
-0.012
-0.012
-0.012
-0.012
-0.012
-0.012
-0.012
-0.012
-0.012
-0.012
-0.012
-0.02
-0.02
-0.02
-0.02
-0.02
-0.02
-0.02
-0.02
-0.02
-0.02
-0.02
-0.02
-0.02
-0.02
-0.02
-0.02
-0.004
-0.004
-0.004
-0.004
-0.004
-0.004
-0.004
-0.004
-0.004
-0.004
-0.004
-0.004
-0.004
-0.004
-0.004
-0.004
-0.027
-0.027
-0.027
-0.027
-0.027
-0.027
-0.027
-0.027
-0.027
-0.027
-0.027
-0.027
-0.027
-0.027
-0.027
-0.027
-0.012
-0.012
-0.012
-0.012
-0.012
-0.012
-0.012
-0.012
-0.012
-0.012
-0.012
-0.012
-0.012
-0.012
-0.012
-0.012
-0.031
-0.031
-0.031
-0.031
-0.031
-0.031
-0.031
-0.031
-0.031
-0.031
-0.031
-0.031
-0.031
-0.031
-0.031
-0.031
-0.09
-0.09
-0.09
-0.09
-0.09
-0.09
-0.09
-0.09
-0.09
-0.09
-0.09
-0.09
-0.09
-0.09
-0.09
-0.09
-0.109
-0.109
-0.109
-0.109
-0.109
-0.109
-0.109
-0.109
-0.109
-0.109
-0.109
-0.109
-0.109
-0.109
-0.109
-0.109
-0.105
-0.105
-0.105
-0.105
-0.105
-0.105
-0.105
-0.105
-0.105
-0.105
-0.105
-0.105
-0.105
-0.105
-0.105
-0.105
-0.047
-0.047
-0.047
-0.047
-0.047
-0.047
-0.047
-0.047
-0.047
-0.047
-0.047
-0.047
-0.047
-0.047
-0.047
-0.047
-0.031
-0.031
-0.031
-0.031
-0.031
-0.031
-0.031
-0.031
-0.031
-0.031
-0.031
-0.031
-0.031
-0.031
-0.031
-0.031
-0.035
-0.035
-0.035
-0.035
-0.035
-0.035
-0.035
-0.035
-0.035
-0.035
-0.035
-0.035
-0.035
-0.035
-0.035
-0.035
0.008
0.008
0.008
0.008
0.008
0.008
0.008
0.008
0.008
0.008
0.008
0.008
0.008
0.008
0.008
0.008
-0.043
-0.043
-0.043
-0.043
-0.043
-0.043
-0.043
-0.043
-0.043
-0.043
-0.043
-0.043
-0.043
-0.043
-0.043
-0.043
-0.066
-0.066
-0.066
-0.066
-0.066
-0.066
-0.066
-0.066
-0.066
-0.066
-0.066
-0.066
-0.066
-0.066
-0.066
-0.066
-0.086
-0.086
-0.086
-0.086
-0.086
-0.086
-0.086
-0.086
-0.086
-0.086
-0.086
-0.086
-0.086
-0.086
-0.086
-0.086
-0.086
-0.086
-0.086
-0.086
-0.086
-0.086
-0.086
-0.086
-0.086
-0.086
-0.086
-0.086
-0.086
-0.086
-0.086
-0.086
-0.086
-0.086
-0.086
-0.086
-0.086
-0.086
-0.086
-0.086
-0.086
-0.086
-0.086
-0.086
-0.086
-0.086
-0.086
-0.086
-0.105
-0.105
-0.105
-0.105
-0.105
-0.105
-0.105
-0.105
-0.105
-0.105
-0.105
-0.105
-0.105
-0.105
-0.105
-0.105
-0.066
-0.066
-0.066
-0.066
-0.066
-0.066
-0.066
-0.066
-0.066
-0.066
-0.066
-0.066
-0.066
-0.066
-0.066
-0.066
0.008
0.008
0.008
0.008
0.008
0.008
0.008
0.008
0.008
0.008
0.008
0.008
0.008
0.008
0.008
0.008
-0.027
-0.027
-0.027
-0.027
-0.027
-0.027
-0.027
-0.027
-0.027
-0.027
-0.027
-0.027
-0.027
-0.027
-0.027
-0.027
-0.012
-0.012
-0.012
-0.012
-0.012
-0.012
-0.012
-0.012
-0.012
-0.012
-0.012
-0.012
-0.012
-0.012
-0.012
-0.012
0.105
0.105
0.105
0.105
0.105
0.105
0.105
0.105
0.105
0.105
0.105
0.105
0.105
0.105
0.105
0.105
0.289
0.289
0.289
0.289
0.289
0.289
0.289
0.289
0.289
0.289
0.289
0.289
0.289
0.289
0.289
0.289
0.481
0.481
0.481
0.481
0.481
0.481
0.481
0.481
0.481
0.481
0.481
0.481
0.481
0.481
0.481
0.481
0.551
0.551
0.551
0.551
0.551
0.551
0.551
0.551
0.551
0.551
0.551
0.551
0.551
0.551
0.551
0.551
0.637
0.637
0.637
0.637
0.637
0.637
0.637
0.637
0.637
0.637
0.637
0.637
0.637
0.637
0.637
0.637
0.625
0.625
0.625
0.625
0.625
0.625
0.625
0.625
0.625
0.625
0.625
0.625
0.625
0.625
0.625
0.625
0.465
0.465
0.465
0.465
0.465
0.465
0.465
0.465
0.465
0.465
0.465
0.465
0.465
0.465
0.465
0.465
0.399
0.399
0.399
0.399
0.399
0.399
0.399
0.399
0.399
0.399
0.399
0.399
0.399
0.399
0.399
0.399
0.395
0.395
0.395
0.395
0.395
0.395
0.395
0.395
0.395
0.395
0.395
0.395
0.395
0.395
0.395
0.395
0.41
0.41
0.41
0.41
0.41
0.41
0.41
0.41
0.41
0.41
0.41
0.41
0.41
0.41
0.41
0.41
0.32
0.32
0.32
0.32
0.32
0.32
0.32
0.32
0.32
0.32
0.32
0.32
0.32
0.32
0.32
0.32
0.215
0.215
0.215
0.215
0.215
0.215
0.215
0.215
0.215
0.215
0.215
0.215
0.215
0.215
0.215
0.215
0.258
0.258
0.258
0.258
0.258
0.258
0.258
0.258
0.258
0.258
0.258
0.258
0.258
0.258
0.258
0.258
0.188
0.188
0.188
0.188
0.188
0.188
0.188
0.188
0.188
0.188
0.188
0.188
0.188
0.188
0.188
0.188
0.027
0.027
0.027
0.027
0.027
0.027
0.027
0.027
0.027
0.027
0.027
0.027
0.027
0.027
0.027
0.027
-0.074
-0.074
-0.074
-0.074
-0.074
-0.074
-0.074
-0.074
-0.074
-0.074
-0.074
-0.074
-0.074
-0.074
-0.074
-0.074
-0.227
-0.227
-0.227
-0.227
-0.227
-0.227
-0.227
-0.227
-0.227
-0.227
-0.227
-0.227
-0.227
-0.227
-0.227
-0.227
-0.313
-0.313
-0.313
-0.313
-0.313
-0.313
-0.313
-0.313
-0.313
-0.313
-0.313
-0.313
-0.313
-0.313
-0.313
-0.313
-0.383
-0.383
-0.383
-0.383
-0.383
-0.383
-0.383
-0.383
-0.383
-0.383
-0.383
-0.383
-0.383
-0.383
-0.383
-0.383
-0.465
-0.465
-0.465
-0.465
-0.465
-0.465
-0.465
-0.465
-0.465
-0.465
-0.465
-0.465
-0.465
-0.465
-0.465
-0.465
-0.461
-0.461
-0.461
-0.461
-0.461
-0.461
-0.461
-0.461
-0.461
-0.461
-0.461
-0.461
-0.461
-0.461
-0.461
-0.461
-0.551
-0.551
-0.551
-0.551
-0.551
-0.551
-0.551
-0.551
-0.551
-0.551
-0.551
-0.551
-0.551
-0.551
-0.551
-0.551
-0.547
-0.547
-0.547
-0.547
-0.547
-0.547
-0.547
-0.547
-0.547
-0.547
-0.547
-0.547
-0.547
-0.547
-0.547
-0.547
-0.496
-0.496
-0.496
-0.496
-0.496
-0.496
-0.496
-0.496
-0.496
-0.496
-0.496
-0.496
-0.496
-0.496
-0.496
-0.496
-0.473
-0.473
-0.473
-0.473
-0.473
-0.473
-0.473
-0.473
-0.473
-0.473
-0.473
-0.473
-0.473
-0.473
-0.473
-0.473
-0.402
-0.402
-0.402
-0.402
-0.402
-0.402
-0.402
-0.402
-0.402
-0.402
-0.402
-0.402
-0.402
-0.402
-0.402
-0.402
-0.375
-0.375
-0.375
-0.375
-0.375
-0.375
-0.375
-0.375
-0.375
-0.375
-0.375
-0.375
-0.375
-0.375
-0.375
-0.375
-0.34
-0.34
-0.34
-0.34
-0.34
-0.34
-0.34
-0.34
-0.34
-0.34
-0.34
-0.34
-0.34
-0.34
-0.34
-0.34
-0.293
-0.293
-0.293
-0.293
-0.293
-0.293
-0.293
-0.293
-0.293
-0.293
-0.293
-0.293
-0.293
-0.293
-0.293
-0.293
-0.344
-0.344
-0.344
-0.344
-0.344
-0.344
-0.344
-0.344
-0.344
-0.344
-0.344
-0.344
-0.344
-0.344
-0.344
-0.344
-0.313
-0.313
-0.313
-0.313
-0.313
-0.313
-0.313
-0.313
-0.313
-0.313
-0.313
-0.313
-0.313
-0.313
-0.313
-0.313
-0.262
-0.262
-0.262
-0.262
-0.262
-0.262
-0.262
-0.262
-0.262
-0.262
-0.262
-0.262
-0.262
-0.262
-0.262
-0.262
-0.219
-0.219
-0.219
-0.219
-0.219
-0.219
-0.219
-0.219
-0.219
-0.219
-0.219
-0.219
-0.219
-0.219
-0.219
-0.219
-0.164
-0.164
-0.164
-0.164
-0.164
-0.164
-0.164
-0.164
-0.164
-0.164
-0.164
-0.164
-0.164
-0.164
-0.164
-0.164
-0.156
-0.156
-0.156
-0.156
-0.156
-0.156
-0.156
-0.156
-0.156
-0.156
-0.156
-0.156
-0.156
-0.156
-0.156
-0.156
-0.094
-0.094
-0.094
-0.094
-0.094
-0.094
-0.094
-0.094
-0.094
-0.094
-0.094
-0.094
-0.094
-0.094
-0.094
-0.094
-0.086
-0.086
-0.086
-0.086
-0.086
-0.086
-0.086
-0.086
-0.086
-0.086
-0.086
-0.086
-0.086
-0.086
-0.086
-0.086
-0.121
-0.121
-0.121
-0.121
-0.121
-0.121
-0.121
-0.121
-0.121
-0.121
-0.121
-0.121
-0.121
-0.121
-0.121
-0.121
-0.113
-0.113
-0.113
-0.113
-0.113
-0.113
-0.113
-0.113
-0.113
-0.113
-0.113
-0.113
-0.113
-0.113
-0.113
-0.113
-0.086
-0.086
-0.086
-0.086
-0.086
-0.086
-0.086
-0.086
-0.086
-0.086
-0.086
-0.086
-0.086
-0.086
-0.086
-0.086
-0.039
-0.039
-0.039
-0.039
-0.039
-0.039
-0.039
-0.039
-0.039
-0.039
-0.039
-0.039
-0.039
-0.039
-0.039
-0.039
0.066
0.066
0.066
0.066
0.066
0.066
0.066
0.066
0.066
0.066
0.066
0.066
0.066
0.066
0.066
0.066
0.152
0.152
0.152
0.152
0.152
0.152
0.152
0.152
0.152
0.152
0.152
0.152
0.152
0.152
0.152
0.152
0.254
0.254
0.254
0.254
0.254
0.254
0.254
0.254
0.254
0.254
0.254
0.254
0.254
0.254
0.254
0.254
0.242
0.242
0.242
0.242
0.242
0.242
0.242
0.242
0.242
0.242
0.242
0.242
0.242
0.242
0.242
0.242
0.152
0.152
0.152
0.152
0.152
0.152
0.152
0.152
0.152
0.152
0.152
0.152
0.152
0.152
0.152
0.152
0.172
0.172
0.172
0.172
0.172
0.172
0.172
0.172
0.172
0.172
0.172
0.172
0.172
0.172
0.172
0.172
0.176
0.176
0.176
0.176
0.176
0.176
0.176
0.176
0.176
0.176
0.176
0.176
0.176
0.176
0.176
0.176
0.188
0.188
0.188
0.188
0.188
0.188
0.188
0.188
0.188
0.188
0.188
0.188
0.188
0.188
0.188
0.188
0.215
0.215
0.215
0.215
0.215
0.215
0.215
0.215
0.215
0.215
0.215
0.215
0.215
0.215
0.215
0.215
0.231
0.231
0.231
0.231
0.231
0.231
0.231
0.231
0.231
0.231
0.231
0.231
0.231
0.231
0.231
0.231
0.274
0.274
0.274
0.274
0.274
0.274
0.274
0.274
0.274
0.274
0.274
0.274
0.274
0.274
0.274
0.274
0.199
0.199
0.199
0.199
0.199
0.199
0.199
0.199
0.199
0.199
0.199
0.199
0.199
0.199
0.199
0.199
0.047
0.047
0.047
0.047
0.047
0.047
0.047
0.047
0.047
0.047
0.047
0.047
0.047
0.047
0.047
0.047
-0.004
-0.004
-0.004
-0.004
-0.004
-0.004
-0.004
-0.004
-0.004
-0.004
-0.004
-0.004
-0.004
-0.004
-0.004
-0.004
0.023
0.023
0.023
0.023
0.023
0.023
0.023
0.023
0.023
0.023
0.023
0.023
0.023
0.023
0.023
0.023
0.223
0.223
0.223
0.223
0.223
0.223
0.223
0.223
0.223
0.223
0.223
0.223
0.223
0.223
0.223
0.223
0.375
0.375
0.375
0.375
0.375
0.375
0.375
0.375
0.375
0.375
0.375
0.375
0.375
0.375
0.375
0.375
0.422
0.422
0.422
0.422
0.422
0.422
0.422
0.422
0.422
0.422
0.422
0.422
0.422
0.422
0.422
0.422
0.352
0.352
0.352
0.352
0.352
0.352
0.352
0.352
0.352
0.352
0.352
0.352
0.352
0.352
0.352
0.352
0.121
0.121
0.121
0.121
0.121
0.121
0.121
0.121
0.121
0.121
0.121
0.121
0.121
0.121
0.121
0.121
0.012
0.012
0.012
0.012
0.012
0.012
0.012
0.012
0.012
0.012
0.012
0.012
0.012
0.012
0.012
0.012
-0.074
-0.074
-0.074
-0.074
-0.074
-0.074
-0.074
-0.074
-0.074
-0.074
-0.074
-0.074
-0.074
-0.074
-0.074
-0.074
-0.133
-0.133
-0.133
-0.133
-0.133
-0.133
-0.133
-0.133
-0.133
-0.133
-0.133
-0.133
-0.133
-0.133
-0.133
-0.133
-0.156
-0.156
-0.156
-0.156
-0.156
-0.156
-0.156
-0.156
-0.156
-0.156
-0.156
-0.156
-0.156
-0.156
-0.156
-0.156
-0.207
-0.207
-0.207
-0.207
-0.207
-0.207
-0.207
-0.207
-0.207
-0.207
-0.207
-0.207
-0.207
-0.207
-0.207
-0.207
-0.219
-0.219
-0.219
-0.219
-0.219
-0.219
-0.219
-0.219
-0.219
-0.219
-0.219
-0.219
-0.219
-0.219
-0.219
-0.219
-0.215
-0.215
-0.215
-0.215
-0.215
-0.215
-0.215
-0.215
-0.215
-0.215
-0.215
-0.215
-0.215
-0.215
-0.215
-0.215
-0.297
-0.297
-0.297
-0.297
-0.297
-0.297
-0.297
-0.297
-0.297
-0.297
-0.297
-0.297
-0.297
-0.297
-0.297
-0.297
-0.285
-0.285
-0.285
-0.285
-0.285
-0.285
-0.285
-0.285
-0.285
-0.285
-0.285
-0.285
-0.285
-0.285
-0.285
-0.285
-0.168
-0.168
-0.168
-0.168
-0.168
-0.168
-0.168
-0.168
-0.168
-0.168
-0.168
-0.168
-0.168
-0.168
-0.168
-0.168
-0.098
-0.098
-0.098
-0.098
-0.098
-0.098
-0.098
-0.098
-0.098
-0.098
-0.098
-0.098
-0.098
-0.098
-0.098
-0.098
-0.059
-0.059
-0.059
-0.059
-0.059
-0.059
-0.059
-0.059
-0.059
-0.059
-0.059
-0.059
-0.059
-0.059
-0.059
-0.059
-0.039
-0.039
-0.039
-0.039
-0.039
-0.039
-0.039
-0.039
-0.039
-0.039
-0.039
-0.039
-0.039
-0.039
-0.039
-0.039
-0.008
-0.008
-0.008
-0.008
-0.008
-0.008
-0.008
-0.008
-0.008
-0.008
-0.008
-0.008
-0.008
-0.008
-0.008
-0.008
-0.047
-0.047
-0.047
-0.047
-0.047
-0.047
-0.047
-0.047
-0.047
-0.047
-0.047
-0.047
-0.047
-0.047
-0.047
-0.047
-0.113
-0.113
-0.113
-0.113
-0.113
-0.113
-0.113
-0.113
-0.113
-0.113
-0.113
-0.113
-0.113
-0.113
-0.113
-0.113
0.047
0.047
0.047
0.047
0.047
0.047
0.047
0.047
0.047
0.047
0.047
0.047
0.047
0.047
0.047
0.047
0.285
0.285
0.285
0.285
0.285
0.285
0.285
0.285
0.285
0.285
0.285
0.285
0.285
0.285
0.285
0.285
0.508
0.508
0.508
0.508
0.508
0.508
0.508
0.508
0.508
0.508
0.508
0.508
0.508
0.508
0.508
0.508
0.688
0.688
0.688
0.688
0.688
0.688
0.688
0.688
0.688
0.688
0.688
0.688
0.688
0.688
0.688
0.688
0.805
0.805
0.805
0.805
0.805
0.805
0.805
0.805
0.805
0.805
0.805
0.805
0.805
0.805
0.805
0.805
0.875
0.875
0.875
0.875
0.875
0.875
0.875
0.875
0.875
0.875
0.875
0.875
0.875
0.875
0.875
0.875
0.758
0.758
0.758
0.758
0.758
0.758
0.758
0.758
0.758
0.758
0.758
0.758
0.758
0.758
0.758
0.758
0.582
0.582
0.582
0.582
0.582
0.582
0.582
0.582
0.582
0.582
0.582
0.582
0.582
0.582
0.582
0.582
0.504
0.504
0.504
0.504
0.504
0.504
0.504
0.504
0.504
0.504
0.504
0.504
0.504
0.504
0.504
0.504
0.551
0.551
0.551
0.551
0.551
0.551
0.551
0.551
0.551
0.551
0.551
0.551
0.551
0.551
0.551
0.551
0.621
0.621
0.621
0.621
0.621
0.621
0.621
0.621
0.621
0.621
0.621
0.621
0.621
0.621
0.621
0.621
0.582
0.582
0.582
0.582
0.582
0.582
0.582
0.582
0.582
0.582
0.582
0.582
0.582
0.582
0.582
0.582
0.653
0.653
0.653
0.653
0.653
0.653
0.653
0.653
0.653
0.653
0.653
0.653
0.653
0.653
0.653
0.653
0.625
0.625
0.625
0.625
0.625
0.625
0.625
0.625
0.625
0.625
0.625
0.625
0.625
0.625
0.625
0.625
0.41
0.41
0.41
0.41
0.41
0.41
0.41
0.41
0.41
0.41
0.41
0.41
0.41
0.41
0.41
0.41
0.324
0.324
0.324
0.324
0.324
0.324
0.324
0.324
0.324
0.324
0.324
0.324
0.324
0.324
0.324
0.324
0.344
0.344
0.344
0.344
0.344
0.344
0.344
0.344
0.344
0.344
0.344
0.344
0.344
0.344
0.344
0.344
0.371
0.371
0.371
0.371
0.371
0.371
0.371
0.371
0.371
0.371
0.371
0.371
0.371
0.371
0.371
0.371
0.274
0.274
0.274
0.274
0.274
0.274
0.274
0.274
0.274
0.274
0.274
0.274
0.274
0.274
0.274
0.274
0.481
0.481
0.481
0.481
0.481
0.481
0.481
0.481
0.481
0.481
0.481
0.481
0.481
0.481
0.481
0.481
0.309
0.309
0.309
0.309
0.309
0.309
0.309
0.309
0.309
0.309
0.309
0.309
0.309
0.309
0.309
0.309
-0.57
-0.57
-0.57
-0.57
-0.57
-0.57
-0.57
-0.57
-0.57
-0.57
-0.57
-0.57
-0.57
-0.57
-0.57
-0.57
-1.063
-1.063
-1.063
-1.063
-1.063
-1.063
-1.063
-1.063
-1.063
-1.063
-1.063
-1.063
-1.063
-1.063
-1.063
-1.063
-1.157
-1.157
-1.157
-1.157
-1.157
-1.157
-1.157
-1.157
-1.157
-1.157
-1.157
-1.157
-1.157
-1.157
-1.157
-1.157
-1.235
-1.235
-1.235
-1.235
-1.235
-1.235
-1.235
-1.235
-1.235
-1.235
-1.235
-1.235
-1.235
-1.235
-1.235
-1.235
-1.215
-1.215
-1.215
-1.215
-1.215
-1.215
-1.215
-1.215
-1.215
-1.215
-1.215
-1.215
-1.215
-1.215
-1.215
-1.215
-1.196
-1.196
-1.196
-1.196
-1.196
-1.196
-1.196
-1.196
-1.196
-1.196
-1.196
-1.196
-1.196
-1.196
-1.196
-1.196
-1.172
-1.172
-1.172
-1.172
-1.172
-1.172
-1.172
-1.172
-1.172
-1.172
-1.172
-1.172
-1.172
-1.172
-1.172
-1.172
-1.11
-1.11
-1.11
-1.11
-1.11
-1.11
-1.11
-1.11
-1.11
-1.11
-1.11
-1.11
-1.11
-1.11
-1.11
-1.11
-1.078
-1.078
-1.078
-1.078
-1.078
-1.078
-1.078
-1.078
-1.078
-1.078
-1.078
-1.078
-1.078
-1.078
-1.078
-1.078
-0.992
-0.992
-0.992
-0.992
-0.992
-0.992
-0.992
-0.992
-0.992
-0.992
-0.992
-0.992
-0.992
-0.992
-0.992
-0.992
-0.844
-0.844
-0.844
-0.844
-0.844
-0.844
-0.844
-0.844
-0.844
-0.844
-0.844
-0.844
-0.844
-0.844
-0.844
-0.844
-0.762
-0.762
-0.762
-0.762
-0.762
-0.762
-0.762
-0.762
-0.762
-0.762
-0.762
-0.762
-0.762
-0.762
-0.762
-0.762
-0.653
-0.653
-0.653
-0.653
-0.653
-0.653
-0.653
-0.653
-0.653
-0.653
-0.653
-0.653
-0.653
-0.653
-0.653
-0.653
-0.578
-0.578
-0.578
-0.578
-0.578
-0.578
-0.578
-0.578
-0.578
-0.578
-0.578
-0.578
-0.578
-0.578
-0.578
-0.578
-0.481
-0.481
-0.481
-0.481
-0.481
-0.481
-0.481
-0.481
-0.481
-0.481
-0.481
-0.481
-0.481
-0.481
-0.481
-0.481
-0.484
-0.484
-0.484
-0.484
-0.484
-0.484
-0.484
-0.484
-0.484
-0.484
-0.484
-0.484
-0.484
-0.484
-0.484
-0.484
-0.418
-0.418
-0.418
-0.418
-0.418
-0.418
-0.418
-0.418
-0.418
-0.418
-0.418
-0.418
-0.418
-0.418
-0.418
-0.418
-0.336
-0.336
-0.336
-0.336
-0.336
-0.336
-0.336
-0.336
-0.336
-0.336
-0.336
-0.336
-0.336
-0.336
-0.336
-0.336
-0.293
-0.293
-0.293
-0.293
-0.293
-0.293
-0.293
-0.293
-0.293
-0.293
-0.293
-0.293
-0.293
-0.293
-0.293
-0.293
-0.211
-0.211
-0.211
-0.211
-0.211
-0.211
-0.211
-0.211
-0.211
-0.211
-0.211
-0.211
-0.211
-0.211
-0.211
-0.211
-0.184
-0.184
-0.184
-0.184
-0.184
-0.184
-0.184
-0.184
-0.184
-0.184
-0.184
-0.184
-0.184
-0.184
-0.184
-0.184
-0.137
-0.137
-0.137
-0.137
-0.137
-0.137
-0.137
-0.137
-0.137
-0.137
-0.137
-0.137
-0.137
-0.137
-0.137
-0.137
-0.121
-0.121
-0.121
-0.121
-0.121
-0.121
-0.121
-0.121
-0.121
-0.121
-0.121
-0.121
-0.121
-0.121
-0.121
-0.121
-0.113
-0.113
-0.113
-0.113
-0.113
-0.113
-0.113
-0.113
-0.113
-0.113
-0.113
-0.113
-0.113
-0.113
-0.113
-0.113
-0.086
-0.086
-0.086
-0.086
-0.086
-0.086
-0.086
-0.086
-0.086
-0.086
-0.086
-0.086
-0.086
-0.086
-0.086
-0.086
-0.078
-0.078
-0.078
-0.078
-0.078
-0.078
-0.078
-0.078
-0.078
-0.078
-0.078
-0.078
-0.078
-0.078
-0.078
-0.078
0.012
0.012
0.012
0.012
0.012
0.012
0.012
0.012
0.012
0.012
0.012
0.012
0.012
0.012
0.012
0.012
0.293
0.293
0.293
0.293
0.293
0.293
0.293
0.293
0.293
0.293
0.293
0.293
0.293
0.293
0.293
0.293
0.524
0.524
0.524
0.524
0.524
0.524
0.524
0.524
0.524
0.524
0.524
0.524
0.524
0.524
0.524
0.524
0.68
0.68
0.68
0.68
0.68
0.68
0.68
0.68
0.68
0.68
0.68
0.68
0.68
0.68
0.68
0.68
0.719
0.719
0.719
0.719
0.719
0.719
0.719
0.719
0.719
0.719
0.719
0.719
0.719
0.719
0.719
0.719
0.758
0.758
0.758
0.758
0.758
0.758
0.758
0.758
0.758
0.758
0.758
0.758
0.758
0.758
0.758
0.758
0.899
0.899
0.899
0.899
0.899
0.899
0.899
0.899
0.899
0.899
0.899
0.899
0.899
0.899
0.899
0.899
1.016
1.016
1.016
1.016
1.016
1.016
1.016
1.016
1.016
1.016
1.016
1.016
1.016
1.016
1.016
1.016
1.121
1.121
1.121
1.121
1.121
1.121
1.121
1.121
1.121
1.121
1.121
1.121
1.121
1.121
1.121
1.121
1.203
1.203
1.203
1.203
1.203
1.203
1.203
1.203
1.203
1.203
1.203
1.203
1.203
1.203
1.203
1.203
1.231
1.231
1.231
1.231
1.231
1.231
1.231
1.231
1.231
1.231
1.231
1.231
1.231
1.231
1.231
1.231
1.086
1.086
1.086
1.086
1.086
1.086
1.086
1.086
1.086
1.086
1.086
1.086
1.086
1.086
1.086
1.086
0.879
0.879
0.879
0.879
0.879
0.879
0.879
0.879
0.879
0.879
0.879
0.879
0.879
0.879
0.879
0.879
0.832
0.832
0.832
0.832
0.832
0.832
0.832
0.832
0.832
0.832
0.832
0.832
0.832
0.832
0.832
0.832
1.028
1.028
1.028
1.028
1.028
1.028
1.028
1.028
1.028
1.028
1.028
1.028
1.028
1.028
1.028
1.028
0.578
0.578
0.578
0.578
0.578
0.578
0.578
0.578
0.578
0.578
0.578
0.578
0.578
0.578
0.578
0.578
-0.313
-0.313
-0.313
-0.313
-0.313
-0.313
-0.313
-0.313
-0.313
-0.313
-0.313
-0.313
-0.313
-0.313
-0.313
-0.313
-0.727
-0.727
-0.727
-0.727
-0.727
-0.727
-0.727
-0.727
-0.727
-0.727
-0.727
-0.727
-0.727
-0.727
-0.727
-0.727
-0.981
-0.981
-0.981
-0.981
-0.981
-0.981
-0.981
-0.981
-0.981
-0.981
-0.981
-0.981
-0.981
-0.981
-0.981
-0.981
-1.067
-1.067
-1.067
-1.067
-1.067
-1.067
-1.067
-1.067
-1.067
-1.067
-1.067
-1.067
-1.067
-1.067
-1.067
-1.067
-1.0
-1.0
-1.0
-1.0
-1.0
-1.0
-1.0
-1.0
-1.0
-1.0
-1.0
-1.0
-1.0
-1.0
-1.0
-1.0
-0.938
-0.938
-0.938
-0.938
-0.938
-0.938
-0.938
-0.938
-0.938
-0.938
-0.938
-0.938
-0.938
-0.938
-0.938
-0.938
-0.875
-0.875
-0.875
-0.875
-0.875
-0.875
-0.875
-0.875
-0.875
-0.875
-0.875
-0.875
-0.875
-0.875
-0.875
-0.875
-0.813
-0.813
-0.813
-0.813
-0.813
-0.813
-0.813
-0.813
-0.813
-0.813
-0.813
-0.813
-0.813
-0.813
-0.813
-0.813
-0.742
-0.742
-0.742
-0.742
-0.742
-0.742
-0.742
-0.742
-0.742
-0.742
-0.742
-0.742
-0.742
-0.742
-0.742
-0.742
-0.731
-0.731
-0.731
-0.731
-0.731
-0.731
-0.731
-0.731
-0.731
-0.731
-0.731
-0.731
-0.731
-0.731
-0.731
-0.731
-0.66
-0.66
-0.66
-0.66
-0.66
-0.66
-0.66
-0.66
-0.66
-0.66
-0.66
-0.66
-0.66
-0.66
-0.66
-0.66
-0.574
-0.574
-0.574
-0.574
-0.574
-0.574
-0.574
-0.574
-0.574
-0.574
-0.574
-0.574
-0.574
-0.574
-0.574
-0.574
-0.492
-0.492
-0.492
-0.492
-0.492
-0.492
-0.492
-0.492
-0.492
-0.492
-0.492
-0.492
-0.492
-0.492
-0.492
-0.492
-0.418
-0.418
-0.418
-0.418
-0.418
-0.418
-0.418
-0.418
-0.418
-0.418
-0.418
-0.418
-0.418
-0.418
-0.418
-0.418
-0.375
-0.375
-0.375
-0.375
-0.375
-0.375
-0.375
-0.375
-0.375
-0.375
-0.375
-0.375
-0.375
-0.375
-0.375
-0.375
-0.301
-0.301
-0.301
-0.301
-0.301
-0.301
-0.301
-0.301
-0.301
-0.301
-0.301
-0.301
-0.301
-0.301
-0.301
-0.301
-0.293
-0.293
-0.293
-0.293
-0.293
-0.293
-0.293
-0.293
-0.293
-0.293
-0.293
-0.293
-0.293
-0.293
-0.293
-0.293
-0.262
-0.262
-0.262
-0.262
-0.262
-0.262
-0.262
-0.262
-0.262
-0.262
-0.262
-0.262
-0.262
-0.262
-0.262
-0.262
-0.219
-0.219
-0.219
-0.219
-0.219
-0.219
-0.219
-0.219
-0.219
-0.219
-0.219
-0.219
-0.219
-0.219
-0.219
-0.219
-0.07
-0.07
-0.07
-0.07
-0.07
-0.07
-0.07
-0.07
-0.07
-0.07
-0.07
-0.07
-0.07
-0.07
-0.07
-0.07
0.297
0.297
0.297
0.297
0.297
0.297
0.297
0.297
0.297
0.297
0.297
0.297
0.297
0.297
0.297
0.297
0.645
0.645
0.645
0.645
0.645
0.645
0.645
0.645
0.645
0.645
0.645
0.645
0.645
0.645
0.645
0.645
0.817
0.817
0.817
0.817
0.817
0.817
0.817
0.817
0.817
0.817
0.817
0.817
0.817
0.817
0.817
0.817
0.871
0.871
0.871
0.871
0.871
0.871
0.871
0.871
0.871
0.871
0.871
0.871
0.871
0.871
0.871
0.871
0.762
0.762
0.762
0.762
0.762
0.762
0.762
0.762
0.762
0.762
0.762
0.762
0.762
0.762
0.762
0.762
0.719
0.719
0.719
0.719
0.719
0.719
0.719
0.719
0.719
0.719
0.719
0.719
0.719
0.719
0.719
0.719
0.801
0.801
0.801
0.801
0.801
0.801
0.801
0.801
0.801
0.801
0.801
0.801
0.801
0.801
0.801
0.801
0.856
0.856
0.856
0.856
0.856
0.856
0.856
0.856
0.856
0.856
0.856
0.856
0.856
0.856
0.856
0.856
0.809
0.809
0.809
0.809
0.809
0.809
0.809
0.809
0.809
0.809
0.809
0.809
0.809
0.809
0.809
0.809
0.758
0.758
0.758
0.758
0.758
0.758
0.758
0.758
0.758
0.758
0.758
0.758
0.758
0.758
0.758
0.758
0.785
0.785
0.785
0.785
0.785
0.785
0.785
0.785
0.785
0.785
0.785
0.785
0.785
0.785
0.785
0.785
0.832
0.832
0.832
0.832
0.832
0.832
0.832
0.832
0.832
0.832
0.832
0.832
0.832
0.832
0.832
0.832
0.649
0.649
0.649
0.649
0.649
0.649
0.649
0.649
0.649
0.649
0.649
0.649
0.649
0.649
0.649
0.649
-0.043
-0.043
-0.043
-0.043
-0.043
-0.043
-0.043
-0.043
-0.043
-0.043
-0.043
-0.043
-0.043
-0.043
-0.043
-0.043
-0.543
-0.543
-0.543
-0.543
-0.543
-0.543
-0.543
-0.543
-0.543
-0.543
-0.543
-0.543
-0.543
-0.543
-0.543
-0.543
-0.727
-0.727
-0.727
-0.727
-0.727
-0.727
-0.727
-0.727
-0.727
-0.727
-0.727
-0.727
-0.727
-0.727
-0.727
-0.727
-0.805
-0.805
-0.805
-0.805
-0.805
-0.805
-0.805
-0.805
-0.805
-0.805
-0.805
-0.805
-0.805
-0.805
-0.805
-0.805
-0.789
-0.789
-0.789
-0.789
-0.789
-0.789
-0.789
-0.789
-0.789
-0.789
-0.789
-0.789
-0.789
-0.789
-0.789
-0.789
-0.848
-0.848
-0.848
-0.848
-0.848
-0.848
-0.848
-0.848
-0.848
-0.848
-0.848
-0.848
-0.848
-0.848
-0.848
-0.848
-0.824
-0.824
-0.824
-0.824
-0.824
-0.824
-0.824
-0.824
-0.824
-0.824
-0.824
-0.824
-0.824
-0.824
-0.824
-0.824
-0.715
-0.715
-0.715
-0.715
-0.715
-0.715
-0.715
-0.715
-0.715
-0.715
-0.715
-0.715
-0.715
-0.715
-0.715
-0.715
-0.653
-0.653
-0.653
-0.653
-0.653
-0.653
-0.653
-0.653
-0.653
-0.653
-0.653
-0.653
-0.653
-0.653
-0.653
-0.653
-0.59
-0.59
-0.59
-0.59
-0.59
-0.59
-0.59
-0.59
-0.59
-0.59
-0.59
-0.59
-0.59
-0.59
-0.59
-0.59
-0.535
-0.535
-0.535
-0.535
-0.535
-0.535
-0.535
-0.535
-0.535
-0.535
-0.535
-0.535
-0.535
-0.535
-0.535
-0.535
-0.469
-0.469
-0.469
-0.469
-0.469
-0.469
-0.469
-0.469
-0.469
-0.469
-0.469
-0.469
-0.469
-0.469
-0.469
-0.469
-0.442
-0.442
-0.442
-0.442
-0.442
-0.442
-0.442
-0.442
-0.442
-0.442
-0.442
-0.442
-0.442
-0.442
-0.442
-0.442
-0.418
-0.418
-0.418
-0.418
-0.418
-0.418
-0.418
-0.418
-0.418
-0.418
-0.418
-0.418
-0.418
-0.418
-0.418
-0.418
-0.371
-0.371
-0.371
-0.371
-0.371
-0.371
-0.371
-0.371
-0.371
-0.371
-0.371
-0.371
-0.371
-0.371
-0.371
-0.371
-0.297
-0.297
-0.297
-0.297
-0.297
-0.297
-0.297
-0.297
-0.297
-0.297
-0.297
-0.297
-0.297
-0.297
-0.297
-0.297
-0.231
-0.231
-0.231
-0.231
-0.231
-0.231
-0.231
-0.231
-0.231
-0.231
-0.231
-0.231
-0.231
-0.231
-0.231
-0.231
-0.191
-0.191
-0.191
-0.191
-0.191
-0.191
-0.191
-0.191
-0.191
-0.191
-0.191
-0.191
-0.191
-0.191
-0.191
-0.191
-0.148
-0.148
-0.148
-0.148
-0.148
-0.148
-0.148
-0.148
-0.148
-0.148
-0.148
-0.148
-0.148
-0.148
-0.148
-0.148
-0.09
-0.09
-0.09
-0.09
-0.09
-0.09
-0.09
-0.09
-0.09
-0.09
-0.09
-0.09
-0.09
-0.09
-0.09
-0.09
-0.164
-0.164
-0.164
-0.164
-0.164
-0.164
-0.164
-0.164
-0.164
-0.164
-0.164
-0.164
-0.164
-0.164
-0.164
-0.164
-0.129
-0.129
-0.129
-0.129
-0.129
-0.129
-0.129
-0.129
-0.129
-0.129
-0.129
-0.129
-0.129
-0.129
-0.129
-0.129
0.145
0.145
0.145
0.145
0.145
0.145
0.145
0.145
0.145
0.145
0.145
0.145
0.145
0.145
0.145
0.145
0.324
0.324
0.324
0.324
0.324
0.324
0.324
0.324
0.324
0.324
0.324
0.324
0.324
0.324
0.324
0.324
0.434
0.434
0.434
0.434
0.434
0.434
0.434
0.434
0.434
0.434
0.434
0.434
0.434
0.434
0.434
0.434
0.512
0.512
0.512
0.512
0.512
0.512
0.512
0.512
0.512
0.512
0.512
0.512
0.512
0.512
0.512
0.512
0.707
0.707
0.707
0.707
0.707
0.707
0.707
0.707
0.707
0.707
0.707
0.707
0.707
0.707
0.707
0.707
0.867
0.867
0.867
0.867
0.867
0.867
0.867
0.867
0.867
0.867
0.867
0.867
0.867
0.867
0.867
0.867
0.836
0.836
0.836
0.836
0.836
0.836
0.836
0.836
0.836
0.836
0.836
0.836
0.836
0.836
0.836
0.836
0.801
0.801
0.801
0.801
0.801
0.801
0.801
0.801
0.801
0.801
0.801
0.801
0.801
0.801
0.801
0.801
0.86
0.86
0.86
0.86
0.86
0.86
0.86
0.86
0.86
0.86
0.86
0.86
0.86
0.86
0.86
0.86
0.914
0.914
0.914
0.914
0.914
0.914
0.914
0.914
0.914
0.914
0.914
0.914
0.914
0.914
0.914
0.914
0.813
0.813
0.813
0.813
0.813
0.813
0.813
0.813
0.813
0.813
0.813
0.813
0.813
0.813
0.813
0.813
0.77
0.77
0.77
0.77
0.77
0.77
0.77
0.77
0.77
0.77
0.77
0.77
0.77
0.77
0.77
0.77
0.68
0.68
0.68
0.68
0.68
0.68
0.68
0.68
0.68
0.68
0.68
0.68
0.68
0.68
0.68
0.68
0.504
0.504
0.504
0.504
0.504
0.504
0.504
0.504
0.504
0.504
0.504
0.504
0.504
0.504
0.504
0.504
0.313
0.313
0.313
0.313
0.313
0.313
0.313
0.313
0.313
0.313
0.313
0.313
0.313
0.313
0.313
0.313
0.344
0.344
0.344
0.344
0.344
0.344
0.344
0.344
0.344
0.344
0.344
0.344
0.344
0.344
0.344
0.344
0.399
0.399
0.399
0.399
0.399
0.399
0.399
0.399
0.399
0.399
0.399
0.399
0.399
0.399
0.399
0.399
0.402
0.402
0.402
0.402
0.402
0.402
0.402
0.402
0.402
0.402
0.402
0.402
0.402
0.402
0.402
0.402
0.313
0.313
0.313
0.313
0.313
0.313
0.313
0.313
0.313
0.313
0.313
0.313
0.313
0.313
0.313
0.313
0.238
0.238
0.238
0.238
0.238
0.238
0.238
0.238
0.238
0.238
0.238
0.238
0.238
0.238
0.238
0.238
0.602
0.602
0.602
0.602
0.602
0.602
0.602
0.602
0.602
0.602
0.602
0.602
0.602
0.602
0.602
0.602
0.41
0.41
0.41
0.41
0.41
0.41
0.41
0.41
0.41
0.41
0.41
0.41
0.41
0.41
0.41
0.41
-0.34
-0.34
-0.34
-0.34
-0.34
-0.34
-0.34
-0.34
-0.34
-0.34
-0.34
-0.34
-0.34
-0.34
-0.34
-0.34
-0.735
-0.735
-0.735
-0.735
-0.735
-0.735
-0.735
-0.735
-0.735
-0.735
-0.735
-0.735
-0.735
-0.735
-0.735
-0.735
-0.903
-0.903
-0.903
-0.903
-0.903
-0.903
-0.903
-0.903
-0.903
-0.903
-0.903
-0.903
-0.903
-0.903
-0.903
-0.903
-1.055
-1.055
-1.055
-1.055
-1.055
-1.055
-1.055
-1.055
-1.055
-1.055
-1.055
-1.055
-1.055
-1.055
-1.055
-1.055
-1.071
-1.071
-1.071
-1.071
-1.071
-1.071
-1.071
-1.071
-1.071
-1.071
-1.071
-1.071
-1.071
-1.071
-1.071
-1.071
-1.051
-1.051
-1.051
-1.051
-1.051
-1.051
-1.051
-1.051
-1.051
-1.051
-1.051
-1.051
-1.051
-1.051
-1.051
-1.051
-1.094
-1.094
-1.094
-1.094
-1.094
-1.094
-1.094
-1.094
-1.094
-1.094
-1.094
-1.094
-1.094
-1.094
-1.094
-1.094
-0.992
-0.992
-0.992
-0.992
-0.992
-0.992
-0.992
-0.992
-0.992
-0.992
-0.992
-0.992
-0.992
-0.992
-0.992
-0.992
-0.903
-0.903
-0.903
-0.903
-0.903
-0.903
-0.903
-0.903
-0.903
-0.903
-0.903
-0.903
-0.903
-0.903
-0.903
-0.903
-0.817
-0.817
-0.817
-0.817
-0.817
-0.817
-0.817
-0.817
-0.817
-0.817
-0.817
-0.817
-0.817
-0.817
-0.817
-0.817
-0.699
-0.699
-0.699
-0.699
-0.699
-0.699
-0.699
-0.699
-0.699
-0.699
-0.699
-0.699
-0.699
-0.699
-0.699
-0.699
-0.649
-0.649
-0.649
-0.649
-0.649
-0.649
-0.649
-0.649
-0.649
-0.649
-0.649
-0.649
-0.649
-0.649
-0.649
-0.649
-0.547
-0.547
-0.547
-0.547
-0.547
-0.547
-0.547
-0.547
-0.547
-0.547
-0.547
-0.547
-0.547
-0.547
-0.547
-0.547
-0.531
-0.531
-0.531
-0.531
-0.531
-0.531
-0.531
-0.531
-0.531
-0.531
-0.531
-0.531
-0.531
-0.531
-0.531
-0.531
-0.473
-0.473
-0.473
-0.473
-0.473
-0.473
-0.473
-0.473
-0.473
-0.473
-0.473
-0.473
-0.473
-0.473
-0.473
-0.473
-0.375
-0.375
-0.375
-0.375
-0.375
-0.375
-0.375
-0.375
-0.375
-0.375
-0.375
-0.375
-0.375
-0.375
-0.375
-0.375
-0.324
-0.324
-0.324
-0.324
-0.324
-0.324
-0.324
-0.324
-0.324
-0.324
-0.324
-0.324
-0.324
-0.324
-0.324
-0.324
-0.246
-0.246
-0.246
-0.246
-0.246
-0.246
-0.246
-0.246
-0.246
-0.246
-0.246
-0.246
-0.246
-0.246
-0.246
-0.246
-0.188
-0.188
-0.188
-0.188
-0.188
-0.188
-0.188
-0.188
-0.188
-0.188
-0.188
-0.188
-0.188
-0.188
-0.188
-0.188
-0.133
-0.133
-0.133
-0.133
-0.133
-0.133
-0.133
-0.133
-0.133
-0.133
-0.133
-0.133
-0.133
-0.133
-0.133
-0.133
-0.109
-0.109
-0.109
-0.109
-0.109
-0.109
-0.109
-0.109
-0.109
-0.109
-0.109
-0.109
-0.109
-0.109
-0.109
-0.109
-0.086
-0.086
-0.086
-0.086
-0.086
-0.086
-0.086
-0.086
-0.086
-0.086
-0.086
-0.086
-0.086
-0.086
-0.086
-0.086
0.059
0.059
0.059
0.059
0.059
0.059
0.059
0.059
0.059
0.059
0.059
0.059
0.059
0.059
0.059
0.059
0.145
0.145
0.145
0.145
0.145
0.145
0.145
0.145
0.145
0.145
0.145
0.145
0.145
0.145
0.145
0.145
0.176
0.176
0.176
0.176
0.176
0.176
0.176
0.176
0.176
0.176
0.176
0.176
0.176
0.176
0.176
0.176
0.215
0.215
0.215
0.215
0.215
0.215
0.215
0.215
0.215
0.215
0.215
0.215
0.215
0.215
0.215
0.215
0.227
0.227
0.227
0.227
0.227
0.227
0.227
0.227
0.227
0.227
0.227
0.227
0.227
0.227
0.227
0.227
0.242
0.242
0.242
0.242
0.242
0.242
0.242
0.242
0.242
0.242
0.242
0.242
0.242
0.242
0.242
0.242
0.141
0.141
0.141
0.141
0.141
0.141
0.141
0.141
0.141
0.141
0.141
0.141
0.141
0.141
0.141
0.141
0.129
0.129
0.129
0.129
0.129
0.129
0.129
0.129
0.129
0.129
0.129
0.129
0.129
0.129
0.129
0.129
0.164
0.164
0.164
0.164
0.164
0.164
0.164
0.164
0.164
0.164
0.164
0.164
0.164
0.164
0.164
0.164
0.203
0.203
0.203
0.203
0.203
0.203
0.203
0.203
0.203
0.203
0.203
0.203
0.203
0.203
0.203
0.203
0.234
0.234
0.234
0.234
0.234
0.234
0.234
0.234
0.234
0.234
0.234
0.234
0.234
0.234
0.234
0.234
0.274
0.274
0.274
0.274
0.274
0.274
0.274
0.274
0.274
0.274
0.274
0.274
0.274
0.274
0.274
0.274
0.356
0.356
0.356
0.356
0.356
0.356
0.356
0.356
0.356
0.356
0.356
0.356
0.356
0.356
0.356
0.356
0.289
0.289
0.289
0.289
0.289
0.289
0.289
0.289
0.289
0.289
0.289
0.289
0.289
0.289
0.289
0.289
0.27
0.27
0.27
0.27
0.27
0.27
0.27
0.27
0.27
0.27
0.27
0.27
0.27
0.27
0.27
0.27
0.238
0.238
0.238
0.238
0.238
0.238
0.238
0.238
0.238
0.238
0.238
0.238
0.238
0.238
0.238
0.238
0.172
0.172
0.172
0.172
0.172
0.172
0.172
0.172
0.172
0.172
0.172
0.172
0.172
0.172
0.172
0.172
0.148
0.148
0.148
0.148
0.148
0.148
0.148
0.148
0.148
0.148
0.148
0.148
0.148
0.148
0.148
0.148
0.078
0.078
0.078
0.078
0.078
0.078
0.078
0.078
0.078
0.078
0.078
0.078
0.078
0.078
0.078
0.078
0.051
0.051
0.051
0.051
0.051
0.051
0.051
0.051
0.051
0.051
0.051
0.051
0.051
0.051
0.051
0.051
-0.055
-0.055
-0.055
-0.055
-0.055
-0.055
-0.055
-0.055
-0.055
-0.055
-0.055
-0.055
-0.055
-0.055
-0.055
-0.055
-0.059
-0.059
-0.059
-0.059
-0.059
-0.059
-0.059
-0.059
-0.059
-0.059
-0.059
-0.059
-0.059
-0.059
-0.059
-0.059
-0.023
-0.023
-0.023
-0.023
-0.023
-0.023
-0.023
-0.023
-0.023
-0.023
-0.023
-0.023
-0.023
-0.023
-0.023
-0.023
-0.004
-0.004
-0.004
-0.004
-0.004
-0.004
-0.004
-0.004
-0.004
-0.004
-0.004
-0.004
-0.004
-0.004
-0.004
-0.004
0.031
0.031
0.031
0.031
0.031
0.031
0.031
0.031
0.031
0.031
0.031
0.031
0.031
0.031
0.031
0.031
0.02
0.02
0.02
0.02
0.02
0.02
0.02
0.02
0.02
0.02
0.02
0.02
0.02
0.02
0.02
0.02
0.043
0.043
0.043
0.043
0.043
0.043
0.043
0.043
0.043
0.043
0.043
0.043
0.043
0.043
0.043
0.043
-0.02
-0.02
-0.02
-0.02
-0.02
-0.02
-0.02
-0.02
-0.02
-0.02
-0.02
-0.02
-0.02
-0.02
-0.02
-0.02
-0.055
-0.055
-0.055
-0.055
-0.055
-0.055
-0.055
-0.055
-0.055
-0.055
-0.055
-0.055
-0.055
-0.055
-0.055
-0.055
-0.09
-0.09
-0.09
-0.09
-0.09
-0.09
-0.09
-0.09
-0.09
-0.09
-0.09
-0.09
-0.09
-0.09
-0.09
-0.09
-0.035
-0.035
-0.035
-0.035
-0.035
-0.035
-0.035
-0.035
-0.035
-0.035
-0.035
-0.035
-0.035
-0.035
-0.035
-0.035
0.07
0.07
0.07
0.07
0.07
0.07
0.07
0.07
0.07
0.07
0.07
0.07
0.07
0.07
0.07
0.07
0.254
0.254
0.254
0.254
0.254
0.254
0.254
0.254
0.254
0.254
0.254
0.254
0.254
0.254
0.254
0.254
0.219
0.219
0.219
0.219
0.219
0.219
0.219
0.219
0.219
0.219
0.219
0.219
0.219
0.219
0.219
0.219
0.18
0.18
0.18
0.18
0.18
0.18
0.18
0.18
0.18
0.18
0.18
0.18
0.18
0.18
0.18
0.18
0.117
0.117
0.117
0.117
0.117
0.117
0.117
0.117
0.117
0.117
0.117
0.117
0.117
0.117
0.117
0.117
0.082
0.082
0.082
0.082
0.082
0.082
0.082
0.082
0.082
0.082
0.082
0.082
0.082
0.082
0.082
0.082
0.113
0.113
0.113
0.113
0.113
0.113
0.113
0.113
0.113
0.113
0.113
0.113
0.113
0.113
0.113
0.113
0.164
0.164
0.164
0.164
0.164
0.164
0.164
0.164
0.164
0.164
0.164
0.164
0.164
0.164
0.164
0.164
0.102
0.102
0.102
0.102
0.102
0.102
0.102
0.102
0.102
0.102
0.102
0.102
0.102
0.102
0.102
0.102
0.078
0.078
0.078
0.078
0.078
0.078
0.078
0.078
0.078
0.078
0.078
0.078
0.078
0.078
0.078
0.078
0.105
0.105
0.105
0.105
0.105
0.105
0.105
0.105
0.105
0.105
0.105
0.105
0.105
0.105
0.105
0.105
0.008
0.008
0.008
0.008
0.008
0.008
0.008
0.008
0.008
0.008
0.008
0.008
0.008
0.008
0.008
0.008
-0.043
-0.043
-0.043
-0.043
-0.043
-0.043
-0.043
-0.043
-0.043
-0.043
-0.043
-0.043
-0.043
-0.043
-0.043
-0.043
0.012
0.012
0.012
0.012
0.012
0.012
0.012
0.012
0.012
0.012
0.012
0.012
0.012
0.012
0.012
0.012
0.043
0.043
0.043
0.043
0.043
0.043
0.043
0.043
0.043
0.043
0.043
0.043
0.043
0.043
0.043
0.043
0.059
0.059
0.059
0.059
0.059
0.059
0.059
0.059
0.059
0.059
0.059
0.059
0.059
0.059
0.059
0.059
0.039
0.039
0.039
0.039
0.039
0.039
0.039
0.039
0.039
0.039
0.039
0.039
0.039
0.039
0.039
0.039
0.105
0.105
0.105
0.105
0.105
0.105
0.105
0.105
0.105
0.105
0.105
0.105
0.105
0.105
0.105
0.105
0.16
0.16
0.16
0.16
0.16
0.16
0.16
0.16
0.16
0.16
0.16
0.16
0.16
0.16
0.16
0.16
0.145
0.145
0.145
0.145
0.145
0.145
0.145
0.145
0.145
0.145
0.145
0.145
0.145
0.145
0.145
0.145
0.129
0.129
0.129
0.129
0.129
0.129
0.129
0.129
0.129
0.129
0.129
0.129
0.129
0.129
0.129
0.129
0.035
0.035
0.035
0.035
0.035
0.035
0.035
0.035
0.035
0.035
0.035
0.035
0.035
0.035
0.035
0.035
0.117
0.117
0.117
0.117
0.117
0.117
0.117
0.117
0.117
0.117
0.117
0.117
0.117
0.117
0.117
0.117
0.059
0.059
0.059
0.059
0.059
0.059
0.059
0.059
0.059
0.059
0.059
0.059
0.059
0.059
0.059
0.059
0.02
0.02
0.02
0.02
0.02
0.02
0.02
0.02
0.02
0.02
0.02
0.02
0.02
0.02
0.02
0.02
-0.035
-0.035
-0.035
-0.035
-0.035
-0.035
-0.035
-0.035
-0.035
-0.035
-0.035
-0.035
-0.035
-0.035
-0.035
-0.035
-0.059
-0.059
-0.059
-0.059
-0.059
-0.059
-0.059
-0.059
-0.059
-0.059
-0.059
-0.059
-0.059
-0.059
-0.059
-0.059
-0.109
-0.109
-0.109
-0.109
-0.109
-0.109
-0.109
-0.109
-0.109
-0.109
-0.109
-0.109
-0.109
-0.109
-0.109
-0.109
-0.012
-0.012
-0.012
-0.012
-0.012
-0.012
-0.012
-0.012
-0.012
-0.012
-0.012
-0.012
-0.012
-0.012
-0.012
-0.012
-0.027
-0.027
-0.027
-0.027
-0.027
-0.027
-0.027
-0.027
-0.027
-0.027
-0.027
-0.027
-0.027
-0.027
-0.027
-0.027
-0.063
-0.063
-0.063
-0.063
-0.063
-0.063
-0.063
-0.063
-0.063
-0.063
-0.063
-0.063
-0.063
-0.063
-0.063
-0.063
-0.051
-0.051
-0.051
-0.051
-0.051
-0.051
-0.051
-0.051
-0.051
-0.051
-0.051
-0.051
-0.051
-0.051
-0.051
-0.051
-0.004
-0.004
-0.004
-0.004
-0.004
-0.004
-0.004
-0.004
-0.004
-0.004
-0.004
-0.004
-0.004
-0.004
-0.004
-0.004
-0.059
-0.059
-0.059
-0.059
-0.059
-0.059
-0.059
-0.059
-0.059
-0.059
-0.059
-0.059
-0.059
-0.059
-0.059
-0.059
-0.074
-0.074
-0.074
-0.074
-0.074
-0.074
-0.074
-0.074
-0.074
-0.074
-0.074
-0.074
-0.074
-0.074
-0.074
-0.074
-0.004
-0.004
-0.004
-0.004
-0.004
-0.004
-0.004
-0.004
-0.004
-0.004
-0.004
-0.004
-0.004
-0.004
-0.004
-0.004
-0.004
-0.004
-0.004
-0.004
-0.004
-0.004
-0.004
-0.004
-0.004
-0.004
-0.004
-0.004
-0.004
-0.004
-0.004
-0.004
0.074
0.074
0.074
0.074
0.074
0.074
0.074
0.074
0.074
0.074
0.074
0.074
0.074
0.074
0.074
0.074
0.105
0.105
0.105
0.105
0.105
0.105
0.105
0.105
0.105
0.105
0.105
0.105
0.105
0.105
0.105
0.105
0.078
0.078
0.078
0.078
0.078
0.078
0.078
0.078
0.078
0.078
0.078
0.078
0.078
0.078
0.078
0.078
0.066
0.066
0.066
0.066
0.066
0.066
0.066
0.066
0.066
0.066
0.066
0.066
0.066
0.066
0.066
0.066
-0.047
-0.047
-0.047
-0.047
-0.047
-0.047
-0.047
-0.047
-0.047
-0.047
-0.047
-0.047
-0.047
-0.047
-0.047
-0.047
-0.133
-0.133
-0.133
-0.133
-0.133
-0.133
-0.133
-0.133
-0.133
-0.133
-0.133
-0.133
-0.133
-0.133
-0.133
-0.133
-0.004
-0.004
-0.004
-0.004
-0.004
-0.004
-0.004
-0.004
-0.004
-0.004
-0.004
-0.004
-0.004
-0.004
-0.004
-0.004
0.051
0.051
0.051
0.051
0.051
0.051
0.051
0.051
0.051
0.051
0.051
0.051
0.051
0.051
0.051
0.051
0.094
0.094
0.094
0.094
0.094
0.094
0.094
0.094
0.094
0.094
0.094
0.094
0.094
0.094
0.094
0.094
0.105
0.105
0.105
0.105
0.105
0.105
0.105
0.105
0.105
0.105
0.105
0.105
0.105
0.105
0.105
0.105
0.102
0.102
0.102
0.102
0.102
0.102
0.102
0.102
0.102
0.102
0.102
0.102
0.102
0.102
0.102
0.102
0.082
0.082
0.082
0.082
0.082
0.082
0.082
0.082
0.082
0.082
0.082
0.082
0.082
0.082
0.082
0.082
-0.027
-0.027
-0.027
-0.027
-0.027
-0.027
-0.027
-0.027
-0.027
-0.027
-0.027
-0.027
-0.027
-0.027
-0.027
-0.027
-0.055
-0.055
-0.055
-0.055
-0.055
-0.055
-0.055
-0.055
-0.055
-0.055
-0.055
-0.055
-0.055
-0.055
-0.055
-0.055
-0.031
-0.031
-0.031
-0.031
-0.031
-0.031
-0.031
-0.031
-0.031
-0.031
-0.031
-0.031
-0.031
-0.031
-0.031
-0.031
-0.023
-0.023
-0.023
-0.023
-0.023
-0.023
-0.023
-0.023
-0.023
-0.023
-0.023
-0.023
-0.023
-0.023
-0.023
-0.023
-0.012
-0.012
-0.012
-0.012
-0.012
-0.012
-0.012
-0.012
-0.012
-0.012
-0.012
-0.012
-0.012
-0.012
-0.012
-0.012
-0.031
-0.031
-0.031
-0.031
-0.031
-0.031
-0.031
-0.031
-0.031
-0.031
-0.031
-0.031
-0.031
-0.031
-0.031
-0.031
-0.008
-0.008
-0.008
-0.008
-0.008
-0.008
-0.008
-0.008
-0.008
-0.008
-0.008
-0.008
-0.008
-0.008
-0.008
-0.008
-0.078
-0.078
-0.078
-0.078
-0.078
-0.078
-0.078
-0.078
-0.078
-0.078
-0.078
-0.078
-0.078
-0.078
-0.078
-0.078
-0.074
-0.074
-0.074
-0.074
-0.074
-0.074
-0.074
-0.074
-0.074
-0.074
-0.074
-0.074
-0.074
-0.074
-0.074
-0.074
0.051
0.051
0.051
0.051
0.051
0.051
0.051
0.051
0.051
0.051
0.051
0.051
0.051
0.051
0.051
0.051
0.348
0.348
0.348
0.348
0.348
0.348
0.348
0.348
0.348
0.348
0.348
0.348
0.348
0.348
0.348
0.348
0.59
0.59
0.59
0.59
0.59
0.59
0.59
0.59
0.59
0.59
0.59
0.59
0.59
0.59
0.59
0.59
0.742
0.742
0.742
0.742
0.742
0.742
0.742
0.742
0.742
0.742
0.742
0.742
0.742
0.742
0.742
0.742
0.813
0.813
0.813
0.813
0.813
0.813
0.813
0.813
0.813
0.813
0.813
0.813
0.813
0.813
0.813
0.813
0.895
0.895
0.895
0.895
0.895
0.895
0.895
0.895
0.895
0.895
0.895
0.895
0.895
0.895
0.895
0.895
0.797
0.797
0.797
0.797
0.797
0.797
0.797
0.797
0.797
0.797
0.797
0.797
0.797
0.797
0.797
0.797
0.738
0.738
0.738
0.738
0.738
0.738
0.738
0.738
0.738
0.738
0.738
0.738
0.738
0.738
0.738
0.738
0.84
0.84
0.84
0.84
0.84
0.84
0.84
0.84
0.84
0.84
0.84
0.84
0.84
0.84
0.84
0.84
0.903
0.903
0.903
0.903
0.903
0.903
0.903
0.903
0.903
0.903
0.903
0.903
0.903
0.903
0.903
0.903
0.91
0.91
0.91
0.91
0.91
0.91
0.91
0.91
0.91
0.91
0.91
0.91
0.91
0.91
0.91
0.91
0.856
0.856
0.856
0.856
0.856
0.856
0.856
0.856
0.856
0.856
0.856
0.856
0.856
0.856
0.856
0.856
0.918
0.918
0.918
0.918
0.918
0.918
0.918
0.918
0.918
0.918
0.918
0.918
0.918
0.918
0.918
0.918
0.817
0.817
0.817
0.817
0.817
0.817
0.817
0.817
0.817
0.817
0.817
0.817
0.817
0.817
0.817
0.817
0.738
0.738
0.738
0.738
0.738
0.738
0.738
0.738
0.738
0.738
0.738
0.738
0.738
0.738
0.738
0.738
0.731
0.731
0.731
0.731
0.731
0.731
0.731
0.731
0.731
0.731
0.731
0.731
0.731
0.731
0.731
0.731
0.699
0.699
0.699
0.699
0.699
0.699
0.699
0.699
0.699
0.699
0.699
0.699
0.699
0.699
0.699
0.699
0.653
0.653
0.653
0.653
0.653
0.653
0.653
0.653
0.653
0.653
0.653
0.653
0.653
0.653
0.653
0.653
0.508
0.508
0.508
0.508
0.508
0.508
0.508
0.508
0.508
0.508
0.508
0.508
0.508
0.508
0.508
0.508
0.461
0.461
0.461
0.461
0.461
0.461
0.461
0.461
0.461
0.461
0.461
0.461
0.461
0.461
0.461
0.461
0.152
0.152
0.152
0.152
0.152
0.152
0.152
0.152
0.152
0.152
0.152
0.152
0.152
0.152
0.152
0.152
-0.785
-0.785
-0.785
-0.785
-0.785
-0.785
-0.785
-0.785
-0.785
-0.785
-0.785
-0.785
-0.785
-0.785
-0.785
-0.785
-1.399
-1.399
-1.399
-1.399
-1.399
-1.399
-1.399
-1.399
-1.399
-1.399
-1.399
-1.399
-1.399
-1.399
-1.399
-1.399
-1.567
-1.567
-1.567
-1.567
-1.567
-1.567
-1.567
-1.567
-1.567
-1.567
-1.567
-1.567
-1.567
-1.567
-1.567
-1.567
-1.657
-1.657
-1.657
-1.657
-1.657
-1.657
-1.657
-1.657
-1.657
-1.657
-1.657
-1.657
-1.657
-1.657
-1.657
-1.657
-1.657
-1.657
-1.657
-1.657
-1.657
-1.657
-1.657
-1.657
-1.657
-1.657
-1.657
-1.657
-1.657
-1.657
-1.657
-1.657
-1.59
-1.59
-1.59
-1.59
-1.59
-1.59
-1.59
-1.59
-1.59
-1.59
-1.59
-1.59
-1.59
-1.59
-1.59
-1.59
-1.536
-1.536
-1.536
-1.536
-1.536
-1.536
-1.536
-1.536
-1.536
-1.536
-1.536
-1.536
-1.536
-1.536
-1.536
-1.536
-1.438
-1.438
-1.438
-1.438
-1.438
-1.438
-1.438
-1.438
-1.438
-1.438
-1.438
-1.438
-1.438
-1.438
-1.438
-1.438
-1.309
-1.309
-1.309
-1.309
-1.309
-1.309
-1.309
-1.309
-1.309
-1.309
-1.309
-1.309
-1.309
-1.309
-1.309
-1.309
-1.145
-1.145
-1.145
-1.145
-1.145
-1.145
-1.145
-1.145
-1.145
-1.145
-1.145
-1.145
-1.145
-1.145
-1.145
-1.145
-1.004
-1.004
-1.004
-1.004
-1.004
-1.004
-1.004
-1.004
-1.004
-1.004
-1.004
-1.004
-1.004
-1.004
-1.004
-1.004
-0.895
-0.895
-0.895
-0.895
-0.895
-0.895
-0.895
-0.895
-0.895
-0.895
-0.895
-0.895
-0.895
-0.895
-0.895
-0.895
-0.778
-0.778
-0.778
-0.778
-0.778
-0.778
-0.778
-0.778
-0.778
-0.778
-0.778
-0.778
-0.778
-0.778
-0.778
-0.778
-0.649
-0.649
-0.649
-0.649
-0.649
-0.649
-0.649
-0.649
-0.649
-0.649
-0.649
-0.649
-0.649
-0.649
-0.649
-0.649
-0.653
-0.653
-0.653
-0.653
-0.653
-0.653
-0.653
-0.653
-0.653
-0.653
-0.653
-0.653
-0.653
-0.653
-0.653
-0.653
-0.567
-0.567
-0.567
-0.567
-0.567
-0.567
-0.567
-0.567
-0.567
-0.567
-0.567
-0.567
-0.567
-0.567
-0.567
-0.567
-0.445
-0.445
-0.445
-0.445
-0.445
-0.445
-0.445
-0.445
-0.445
-0.445
-0.445
-0.445
-0.445
-0.445
-0.445
-0.445
-0.379
-0.379
-0.379
-0.379
-0.379
-0.379
-0.379
-0.379
-0.379
-0.379
-0.379
-0.379
-0.379
-0.379
-0.379
-0.379
-0.301
-0.301
-0.301
-0.301
-0.301
-0.301
-0.301
-0.301
-0.301
-0.301
-0.301
-0.301
-0.301
-0.301
-0.301
-0.301
-0.25
-0.25
-0.25
-0.25
-0.25
-0.25
-0.25
-0.25
-0.25
-0.25
-0.25
-0.25
-0.25
-0.25
-0.25
-0.25
-0.191
-0.191
-0.191
-0.191
-0.191
-0.191
-0.191
-0.191
-0.191
-0.191
-0.191
-0.191
-0.191
-0.191
-0.191
-0.191
-0.168
-0.168
-0.168
-0.168
-0.168
-0.168
-0.168
-0.168
-0.168
-0.168
-0.168
-0.168
-0.168
-0.168
-0.168
-0.168
-0.168
-0.168
-0.168
-0.168
-0.168
-0.168
-0.168
-0.168
-0.168
-0.168
-0.168
-0.168
-0.168
-0.168
-0.168
-0.168
-0.063
-0.063
-0.063
-0.063
-0.063
-0.063
-0.063
-0.063
-0.063
-0.063
-0.063
-0.063
-0.063
-0.063
-0.063
-0.063
0.16
0.16
0.16
0.16
0.16
0.16
0.16
0.16
0.16
0.16
0.16
0.16
0.16
0.16
0.16
0.16
0.328
0.328
0.328
0.328
0.328
0.328
0.328
0.328
0.328
0.328
0.328
0.328
0.328
0.328
0.328
0.328
0.551
0.551
0.551
0.551
0.551
0.551
0.551
0.551
0.551
0.551
0.551
0.551
0.551
0.551
0.551
0.551
0.793
0.793
0.793
0.793
0.793
0.793
0.793
0.793
0.793
0.793
0.793
0.793
0.793
0.793
0.793
0.793
0.969
0.969
0.969
0.969
0.969
0.969
0.969
0.969
0.969
0.969
0.969
0.969
0.969
0.969
0.969
0.969
0.906
0.906
0.906
0.906
0.906
0.906
0.906
0.906
0.906
0.906
0.906
0.906
0.906
0.906
0.906
0.906
0.836
0.836
0.836
0.836
0.836
0.836
0.836
0.836
0.836
0.836
0.836
0.836
0.836
0.836
0.836
0.836
0.895
0.895
0.895
0.895
0.895
0.895
0.895
0.895
0.895
0.895
0.895
0.895
0.895
0.895
0.895
0.895
0.879
0.879
0.879
0.879
0.879
0.879
0.879
0.879
0.879
0.879
0.879
0.879
0.879
0.879
0.879
0.879
0.805
0.805
0.805
0.805
0.805
0.805
0.805
0.805
0.805
0.805
0.805
0.805
0.805
0.805
0.805
0.805
0.781
0.781
0.781
0.781
0.781
0.781
0.781
0.781
0.781
0.781
0.781
0.781
0.781
0.781
0.781
0.781
0.805
0.805
0.805
0.805
0.805
0.805
0.805
0.805
0.805
0.805
0.805
0.805
0.805
0.805
0.805
0.805
0.938
0.938
0.938
0.938
0.938
0.938
0.938
0.938
0.938
0.938
0.938
0.938
0.938
0.938
0.938
0.938
0.973
0.973
0.973
0.973
0.973
0.973
0.973
0.973
0.973
0.973
0.973
0.973
0.973
0.973
0.973
0.973
0.391
0.391
0.391
0.391
0.391
0.391
0.391
0.391
0.391
0.391
0.391
0.391
0.391
0.391
0.391
0.391
-0.289
-0.289
-0.289
-0.289
-0.289
-0.289
-0.289
-0.289
-0.289
-0.289
-0.289
-0.289
-0.289
-0.289
-0.289
-0.289
-0.57
-0.57
-0.57
-0.57
-0.57
-0.57
-0.57
-0.57
-0.57
-0.57
-0.57
-0.57
-0.57
-0.57
-0.57
-0.57
-0.774
-0.774
-0.774
-0.774
-0.774
-0.774
-0.774
-0.774
-0.774
-0.774
-0.774
-0.774
-0.774
-0.774
-0.774
-0.774
-0.817
-0.817
-0.817
-0.817
-0.817
-0.817
-0.817
-0.817
-0.817
-0.817
-0.817
-0.817
-0.817
-0.817
-0.817
-0.817
-0.86
-0.86
-0.86
-0.86
-0.86
-0.86
-0.86
-0.86
-0.86
-0.86
-0.86
-0.86
-0.86
-0.86
-0.86
-0.86
-0.856
-0.856
-0.856
-0.856
-0.856
-0.856
-0.856
-0.856
-0.856
-0.856
-0.856
-0.856
-0.856
-0.856
-0.856
-0.856
-0.738
-0.738
-0.738
-0.738
-0.738
-0.738
-0.738
-0.738
-0.738
-0.738
-0.738
-0.738
-0.738
-0.738
-0.738
-0.738
-0.656
-0.656
-0.656
-0.656
-0.656
-0.656
-0.656
-0.656
-0.656
-0.656
-0.656
-0.656
-0.656
-0.656
-0.656
-0.656
-0.594
-0.594
-0.594
-0.594
-0.594
-0.594
-0.594
-0.594
-0.594
-0.594
-0.594
-0.594
-0.594
-0.594
-0.594
-0.594
-0.531
-0.531
-0.531
-0.531
-0.531
-0.531
-0.531
-0.531
-0.531
-0.531
-0.531
-0.531
-0.531
-0.531
-0.531
-0.531
-0.457
-0.457
-0.457
-0.457
-0.457
-0.457
-0.457
-0.457
-0.457
-0.457
-0.457
-0.457
-0.457
-0.457
-0.457
-0.457
-0.461
-0.461
-0.461
-0.461
-0.461
-0.461
-0.461
-0.461
-0.461
-0.461
-0.461
-0.461
-0.461
-0.461
-0.461
-0.461
-0.41
-0.41
-0.41
-0.41
-0.41
-0.41
-0.41
-0.41
-0.41
-0.41
-0.41
-0.41
-0.41
-0.41
-0.41
-0.41
-0.336
-0.336
-0.336
-0.336
-0.336
-0.336
-0.336
-0.336
-0.336
-0.336
-0.336
-0.336
-0.336
-0.336
-0.336
-0.336
-0.16
-0.16
-0.16
-0.16
-0.16
-0.16
-0.16
-0.16
-0.16
-0.16
-0.16
-0.16
-0.16
-0.16
-0.16
-0.16
-0.012
-0.012
-0.012
-0.012
-0.012
-0.012
-0.012
-0.012
-0.012
-0.012
-0.012
-0.012
-0.012
-0.012
-0.012
-0.012
0.07
0.07
0.07
0.07
0.07
0.07
0.07
0.07
0.07
0.07
0.07
0.07
0.07
0.07
0.07
0.07
0.16
0.16
0.16
0.16
0.16
0.16
0.16
0.16
0.16
0.16
0.16
0.16
0.16
0.16
0.16
0.16
0.297
0.297
0.297
0.297
0.297
0.297
0.297
0.297
0.297
0.297
0.297
0.297
0.297
0.297
0.297
0.297
0.297
0.297
0.297
0.297
0.297
0.297
0.297
0.297
0.297
0.297
0.297
0.297
0.297
0.297
0.297
0.297
0.262
0.262
0.262
0.262
0.262
0.262
0.262
0.262
0.262
0.262
0.262
0.262
0.262
0.262
0.262
0.262
0.449
0.449
0.449
0.449
0.449
0.449
0.449
0.449
0.449
0.449
0.449
0.449
0.449
0.449
0.449
0.449
0.938
0.938
0.938
0.938
0.938
0.938
0.938
0.938
0.938
0.938
0.938
0.938
0.938
0.938
0.938
0.938
1.371
1.371
1.371
1.371
1.371
1.371
1.371
1.371
1.371
1.371
1.371
1.371
1.371
1.371
1.371
1.371
1.637
1.637
1.637
1.637
1.637
1.637
1.637
1.637
1.637
1.637
1.637
1.637
1.637
1.637
1.637
1.637
1.774
1.774
1.774
1.774
1.774
1.774
1.774
1.774
1.774
1.774
1.774
1.774
1.774
1.774
1.774
1.774
1.571
1.571
1.571
1.571
1.571
1.571
1.571
1.571
1.571
1.571
1.571
1.571
1.571
1.571
1.571
1.571
1.36
1.36
1.36
1.36
1.36
1.36
1.36
1.36
1.36
1.36
1.36
1.36
1.36
1.36
1.36
1.36
1.309
1.309
1.309
1.309
1.309
1.309
1.309
1.309
1.309
1.309
1.309
1.309
1.309
1.309
1.309
1.309
1.082
1.082
1.082
1.082
1.082
1.082
1.082
1.082
1.082
1.082
1.082
1.082
1.082
1.082
1.082
1.082
0.906
0.906
0.906
0.906
0.906
0.906
0.906
0.906
0.906
0.906
0.906
0.906
0.906
0.906
0.906
0.906
1.004
1.004
1.004
1.004
1.004
1.004
1.004
1.004
1.004
1.004
1.004
1.004
1.004
1.004
1.004
1.004
0.512
0.512
0.512
0.512
0.512
0.512
0.512
0.512
0.512
0.512
0.512
0.512
0.512
0.512
0.512
0.512
-0.77
-0.77
-0.77
-0.77
-0.77
-0.77
-0.77
-0.77
-0.77
-0.77
-0.77
-0.77
-0.77
-0.77
-0.77
-0.77
-1.368
-1.368
-1.368
-1.368
-1.368
-1.368
-1.368
-1.368
-1.368
-1.368
-1.368
-1.368
-1.368
-1.368
-1.368
-1.368
-1.512
-1.512
-1.512
-1.512
-1.512
-1.512
-1.512
-1.512
-1.512
-1.512
-1.512
-1.512
-1.512
-1.512
-1.512
-1.512
-1.614
-1.614
-1.614
-1.614
-1.614
-1.614
-1.614
-1.614
-1.614
-1.614
-1.614
-1.614
-1.614
-1.614
-1.614
-1.614
-1.606
-1.606
-1.606
-1.606
-1.606
-1.606
-1.606
-1.606
-1.606
-1.606
-1.606
-1.606
-1.606
-1.606
-1.606
-1.606
-1.493
-1.493
-1.493
-1.493
-1.493
-1.493
-1.493
-1.493
-1.493
-1.493
-1.493
-1.493
-1.493
-1.493
-1.493
-1.493
-1.407
-1.407
-1.407
-1.407
-1.407
-1.407
-1.407
-1.407
-1.407
-1.407
-1.407
-1.407
-1.407
-1.407
-1.407
-1.407
-1.321
-1.321
-1.321
-1.321
-1.321
-1.321
-1.321
-1.321
-1.321
-1.321
-1.321
-1.321
-1.321
-1.321
-1.321
-1.321
-1.18
-1.18
-1.18
-1.18
-1.18
-1.18
-1.18
-1.18
-1.18
-1.18
-1.18
-1.18
-1.18
-1.18
-1.18
-1.18
-1.016
-1.016
-1.016
-1.016
-1.016
-1.016
-1.016
-1.016
-1.016
-1.016
-1.016
-1.016
-1.016
-1.016
-1.016
-1.016
-0.875
-0.875
-0.875
-0.875
-0.875
-0.875
-0.875
-0.875
-0.875
-0.875
-0.875
-0.875
-0.875
-0.875
-0.875
-0.875
-0.781
-0.781
-0.781
-0.781
-0.781
-0.781
-0.781
-0.781
-0.781
-0.781
-0.781
-0.781
-0.781
-0.781
-0.781
-0.781
-0.699
-0.699
-0.699
-0.699
-0.699
-0.699
-0.699
-0.699
-0.699
-0.699
-0.699
-0.699
-0.699
-0.699
-0.699
-0.699
-0.602
-0.602
-0.602
-0.602
-0.602
-0.602
-0.602
-0.602
-0.602
-0.602
-0.602
-0.602
-0.602
-0.602
-0.602
-0.602
-0.574
-0.574
-0.574
-0.574
-0.574
-0.574
-0.574
-0.574
-0.574
-0.574
-0.574
-0.574
-0.574
-0.574
-0.574
-0.574
-0.477
-0.477
-0.477
-0.477
-0.477
-0.477
-0.477
-0.477
-0.477
-0.477
-0.477
-0.477
-0.477
-0.477
-0.477
-0.477
-0.18
-0.18
-0.18
-0.18
-0.18
-0.18
-0.18
-0.18
-0.18
-0.18
-0.18
-0.18
-0.18
-0.18
-0.18
-0.18
0.016
0.016
0.016
0.016
0.016
0.016
0.016
0.016
0.016
0.016
0.016
0.016
0.016
0.016
0.016
0.016
0.086
0.086
0.086
0.086
0.086
0.086
0.086
0.086
0.086
0.086
0.086
0.086
0.086
0.086
0.086
0.086
0.145
0.145
0.145
0.145
0.145
0.145
0.145
0.145
0.145
0.145
0.145
0.145
0.145
0.145
0.145
0.145
0.207
0.207
0.207
0.207
0.207
0.207
0.207
0.207
0.207
0.207
0.207
0.207
0.207
0.207
0.207
0.207
0.133
0.133
0.133
0.133
0.133
0.133
0.133
0.133
0.133
0.133
0.133
0.133
0.133
0.133
0.133
0.133
0.082
0.082
0.082
0.082
0.082
0.082
0.082
0.082
0.082
0.082
0.082
0.082
0.082
0.082
0.082
0.082
0.152
0.152
0.152
0.152
0.152
0.152
0.152
0.152
0.152
0.152
0.152
0.152
0.152
0.152
0.152
0.152
0.32
0.32
0.32
0.32
0.32
0.32
0.32
0.32
0.32
0.32
0.32
0.32
0.32
0.32
0.32
0.32
0.356
0.356
0.356
0.356
0.356
0.356
0.356
0.356
0.356
0.356
0.356
0.356
0.356
0.356
0.356
0.356
0.402
0.402
0.402
0.402
0.402
0.402
0.402
0.402
0.402
0.402
0.402
0.402
0.402
0.402
0.402
0.402
0.465
0.465
0.465
0.465
0.465
0.465
0.465
0.465
0.465
0.465
0.465
0.465
0.465
0.465
0.465
0.465
0.492
0.492
0.492
0.492
0.492
0.492
0.492
0.492
0.492
0.492
0.492
0.492
0.492
0.492
0.492
0.492
0.61
0.61
0.61
0.61
0.61
0.61
0.61
0.61
0.61
0.61
0.61
0.61
0.61
0.61
0.61
0.61
0.621
0.621
0.621
0.621
0.621
0.621
0.621
0.621
0.621
0.621
0.621
0.621
0.621
0.621
0.621
0.621
0.645
0.645
0.645
0.645
0.645
0.645
0.645
0.645
0.645
0.645
0.645
0.645
0.645
0.645
0.645
0.645
0.735
0.735
0.735
0.735
0.735
0.735
0.735
0.735
0.735
0.735
0.735
0.735
0.735
0.735
0.735
0.735
0.746
0.746
0.746
0.746
0.746
0.746
0.746
0.746
0.746
0.746
0.746
0.746
0.746
0.746
0.746
0.746
0.715
0.715
0.715
0.715
0.715
0.715
0.715
0.715
0.715
0.715
0.715
0.715
0.715
0.715
0.715
0.715
0.508
0.508
0.508
0.508
0.508
0.508
0.508
0.508
0.508
0.508
0.508
0.508
0.508
0.508
0.508
0.508
0.531
0.531
0.531
0.531
0.531
0.531
0.531
0.531
0.531
0.531
0.531
0.531
0.531
0.531
0.531
0.531
0.66
0.66
0.66
0.66
0.66
0.66
0.66
0.66
0.66
0.66
0.66
0.66
0.66
0.66
0.66
0.66
0.668
0.668
0.668
0.668
0.668
0.668
0.668
0.668
0.668
0.668
0.668
0.668
0.668
0.668
0.668
0.668
0.684
0.684
0.684
0.684
0.684
0.684
0.684
0.684
0.684
0.684
0.684
0.684
0.684
0.684
0.684
0.684
0.914
0.914
0.914
0.914
0.914
0.914
0.914
0.914
0.914
0.914
0.914
0.914
0.914
0.914
0.914
0.914
0.445
0.445
0.445
0.445
0.445
0.445
0.445
0.445
0.445
0.445
0.445
0.445
0.445
0.445
0.445
0.445
-0.422
-0.422
-0.422
-0.422
-0.422
-0.422
-0.422
-0.422
-0.422
-0.422
-0.422
-0.422
-0.422
-0.422
-0.422
-0.422
-0.762
-0.762
-0.762
-0.762
-0.762
-0.762
-0.762
-0.762
-0.762
-0.762
-0.762
-0.762
-0.762
-0.762
-0.762
-0.762
-0.875
-0.875
-0.875
-0.875
-0.875
-0.875
-0.875
-0.875
-0.875
-0.875
-0.875
-0.875
-0.875
-0.875
-0.875
-0.875
-0.918
-0.918
-0.918
-0.918
-0.918
-0.918
-0.918
-0.918
-0.918
-0.918
-0.918
-0.918
-0.918
-0.918
-0.918
-0.918
-0.887
-0.887
-0.887
-0.887
-0.887
-0.887
-0.887
-0.887
-0.887
-0.887
-0.887
-0.887
-0.887
-0.887
-0.887
-0.887
-0.883
-0.883
-0.883
-0.883
-0.883
-0.883
-0.883
-0.883
-0.883
-0.883
-0.883
-0.883
-0.883
-0.883
-0.883
-0.883
-0.84
-0.84
-0.84
-0.84
-0.84
-0.84
-0.84
-0.84
-0.84
-0.84
-0.84
-0.84
-0.84
-0.84
-0.84
-0.84
-0.836
-0.836
-0.836
-0.836
-0.836
-0.836
-0.836
-0.836
-0.836
-0.836
-0.836
-0.836
-0.836
-0.836
-0.836
-0.836
-0.809
-0.809
-0.809
-0.809
-0.809
-0.809
-0.809
-0.809
-0.809
-0.809
-0.809
-0.809
-0.809
-0.809
-0.809
-0.809
-0.789
-0.789
-0.789
-0.789
-0.789
-0.789
-0.789
-0.789
-0.789
-0.789
-0.789
-0.789
-0.789
-0.789
-0.789
-0.789
-0.676
-0.676
-0.676
-0.676
-0.676
-0.676
-0.676
-0.676
-0.676
-0.676
-0.676
-0.676
-0.676
-0.676
-0.676
-0.676
-0.555
-0.555
-0.555
-0.555
-0.555
-0.555
-0.555
-0.555
-0.555
-0.555
-0.555
-0.555
-0.555
-0.555
-0.555
-0.555
-0.477
-0.477
-0.477
-0.477
-0.477
-0.477
-0.477
-0.477
-0.477
-0.477
-0.477
-0.477
-0.477
-0.477
-0.477
-0.477
-0.363
-0.363
-0.363
-0.363
-0.363
-0.363
-0.363
-0.363
-0.363
-0.363
-0.363
-0.363
-0.363
-0.363
-0.363
-0.363
-0.391
-0.391
-0.391
-0.391
-0.391
-0.391
-0.391
-0.391
-0.391
-0.391
-0.391
-0.391
-0.391
-0.391
-0.391
-0.391
-0.324
-0.324
-0.324
-0.324
-0.324
-0.324
-0.324
-0.324
-0.324
-0.324
-0.324
-0.324
-0.324
-0.324
-0.324
-0.324
-0.242
-0.242
-0.242
-0.242
-0.242
-0.242
-0.242
-0.242
-0.242
-0.242
-0.242
-0.242
-0.242
-0.242
-0.242
-0.242
-0.207
-0.207
-0.207
-0.207
-0.207
-0.207
-0.207
-0.207
-0.207
-0.207
-0.207
-0.207
-0.207
-0.207
-0.207
-0.207
-0.121
-0.121
-0.121
-0.121
-0.121
-0.121
-0.121
-0.121
-0.121
-0.121
-0.121
-0.121
-0.121
-0.121
-0.121
-0.121
-0.105
-0.105
-0.105
-0.105
-0.105
-0.105
-0.105
-0.105
-0.105
-0.105
-0.105
-0.105
-0.105
-0.105
-0.105
-0.105
-0.051
-0.051
-0.051
-0.051
-0.051
-0.051
-0.051
-0.051
-0.051
-0.051
-0.051
-0.051
-0.051
-0.051
-0.051
-0.051
-0.078
-0.078
-0.078
-0.078
-0.078
-0.078
-0.078
-0.078
-0.078
-0.078
-0.078
-0.078
-0.078
-0.078
-0.078
-0.078
-0.078
-0.078
-0.078
-0.078
-0.078
-0.078
-0.078
-0.078
-0.078
-0.078
-0.078
-0.078
-0.078
-0.078
-0.078
-0.078
-0.02
-0.02
-0.02
-0.02
-0.02
-0.02
-0.02
-0.02
-0.02
-0.02
-0.02
-0.02
-0.02
-0.02
-0.02
-0.02
-0.012
-0.012
-0.012
-0.012
-0.012
-0.012
-0.012
-0.012
-0.012
-0.012
-0.012
-0.012
-0.012
-0.012
-0.012
-0.012
0.082
0.082
0.082
0.082
0.082
0.082
0.082
0.082
0.082
0.082
0.082
0.082
0.082
0.082
0.082
0.082
0.305
0.305
0.305
0.305
0.305
0.305
0.305
0.305
0.305
0.305
0.305
0.305
0.305
0.305
0.305
0.305
0.32
0.32
0.32
0.32
0.32
0.32
0.32
0.32
0.32
0.32
0.32
0.32
0.32
0.32
0.32
0.32
0.293
0.293
0.293
0.293
0.293
0.293
0.293
0.293
0.293
0.293
0.293
0.293
0.293
0.293
0.293
0.293
0.227
0.227
0.227
0.227
0.227
0.227
0.227
0.227
0.227
0.227
0.227
0.227
0.227
0.227
0.227
0.227
0.25
0.25
0.25
0.25
0.25
0.25
0.25
0.25
0.25
0.25
0.25
0.25
0.25
0.25
0.25
0.25
0.309
0.309
0.309
0.309
0.309
0.309
0.309
0.309
0.309
0.309
0.309
0.309
0.309
0.309
0.309
0.309
0.332
0.332
0.332
0.332
0.332
0.332
0.332
0.332
0.332
0.332
0.332
0.332
0.332
0.332
0.332
0.332
0.332
0.332
0.332
0.332
0.332
0.332
0.332
0.332
0.332
0.332
0.332
0.332
0.332
0.332
0.332
0.332
0.371
0.371
0.371
0.371
0.371
0.371
0.371
0.371
0.371
0.371
0.371
0.371
0.371
0.371
0.371
0.371
0.32
0.32
0.32
0.32
0.32
0.32
0.32
0.32
0.32
0.32
0.32
0.32
0.32
0.32
0.32
0.32
0.168
0.168
0.168
0.168
0.168
0.168
0.168
0.168
0.168
0.168
0.168
0.168
0.168
0.168
0.168
0.168
0.156
0.156
0.156
0.156
0.156
0.156
0.156
0.156
0.156
0.156
0.156
0.156
0.156
0.156
0.156
0.156
0.395
0.395
0.395
0.395
0.395
0.395
0.395
0.395
0.395
0.395
0.395
0.395
0.395
0.395
0.395
0.395
0.649
0.649
0.649
0.649
0.649
0.649
0.649
0.649
0.649
0.649
0.649
0.649
0.649
0.649
0.649
0.649
0.688
0.688
0.688
0.688
0.688
0.688
0.688
0.688
0.688
0.688
0.688
0.688
0.688
0.688
0.688
0.688
0.727
0.727
0.727
0.727
0.727
0.727
0.727
0.727
0.727
0.727
0.727
0.727
0.727
0.727
0.727
0.727
0.785
0.785
0.785
0.785
0.785
0.785
0.785
0.785
0.785
0.785
0.785
0.785
0.785
0.785
0.785
0.785
0.649
0.649
0.649
0.649
0.649
0.649
0.649
0.649
0.649
0.649
0.649
0.649
0.649
0.649
0.649
0.649
0.633
0.633
0.633
0.633
0.633
0.633
0.633
0.633
0.633
0.633
0.633
0.633
0.633
0.633
0.633
0.633
0.645
0.645
0.645
0.645
0.645
0.645
0.645
0.645
0.645
0.645
0.645
0.645
0.645
0.645
0.645
0.645
0.664
0.664
0.664
0.664
0.664
0.664
0.664
0.664
0.664
0.664
0.664
0.664
0.664
0.664
0.664
0.664
0.668
0.668
0.668
0.668
0.668
0.668
0.668
0.668
0.668
0.668
0.668
0.668
0.668
0.668
0.668
0.668
0.359
0.359
0.359
0.359
0.359
0.359
0.359
0.359
0.359
0.359
0.359
0.359
0.359
0.359
0.359
0.359
0.031
0.031
0.031
0.031
0.031
0.031
0.031
0.031
0.031
0.031
0.031
0.031
0.031
0.031
0.031
0.031
-0.348
-0.348
-0.348
-0.348
-0.348
-0.348
-0.348
-0.348
-0.348
-0.348
-0.348
-0.348
-0.348
-0.348
-0.348
-0.348
-0.547
-0.547
-0.547
-0.547
-0.547
-0.547
-0.547
-0.547
-0.547
-0.547
-0.547
-0.547
-0.547
-0.547
-0.547
-0.547
-0.606
-0.606
-0.606
-0.606
-0.606
-0.606
-0.606
-0.606
-0.606
-0.606
-0.606
-0.606
-0.606
-0.606
-0.606
-0.606
-0.617
-0.617
-0.617
-0.617
-0.617
-0.617
-0.617
-0.617
-0.617
-0.617
-0.617
-0.617
-0.617
-0.617
-0.617
-0.617
-0.598
-0.598
-0.598
-0.598
-0.598
-0.598
-0.598
-0.598
-0.598
-0.598
-0.598
-0.598
-0.598
-0.598
-0.598
-0.598
-0.574
-0.574
-0.574
-0.574
-0.574
-0.574
-0.574
-0.574
-0.574
-0.574
-0.574
-0.574
-0.574
-0.574
-0.574
-0.574
-0.531
-0.531
-0.531
-0.531
-0.531
-0.531
-0.531
-0.531
-0.531
-0.531
-0.531
-0.531
-0.531
-0.531
-0.531
-0.531
-0.559
-0.559
-0.559
-0.559
-0.559
-0.559
-0.559
-0.559
-0.559
-0.559
-0.559
-0.559
-0.559
-0.559
-0.559
-0.559
-0.524
-0.524
-0.524
-0.524
-0.524
-0.524
-0.524
-0.524
-0.524
-0.524
-0.524
-0.524
-0.524
-0.524
-0.524
-0.524
-0.453
-0.453
-0.453
-0.453
-0.453
-0.453
-0.453
-0.453
-0.453
-0.453
-0.453
-0.453
-0.453
-0.453
-0.453
-0.453
-0.399
-0.399
-0.399
-0.399
-0.399
-0.399
-0.399
-0.399
-0.399
-0.399
-0.399
-0.399
-0.399
-0.399
-0.399
-0.399
-0.328
-0.328
-0.328
-0.328
-0.328
-0.328
-0.328
-0.328
-0.328
-0.328
-0.328
-0.328
-0.328
-0.328
-0.328
-0.328
-0.305
-0.305
-0.305
-0.305
-0.305
-0.305
-0.305
-0.305
-0.305
-0.305
-0.305
-0.305
-0.305
-0.305
-0.305
-0.305
-0.242
-0.242
-0.242
-0.242
-0.242
-0.242
-0.242
-0.242
-0.242
-0.242
-0.242
-0.242
-0.242
-0.242
-0.242
-0.242
-0.266
-0.266
-0.266
-0.266
-0.266
-0.266
-0.266
-0.266
-0.266
-0.266
-0.266
-0.266
-0.266
-0.266
-0.266
-0.266
-0.246
-0.246
-0.246
-0.246
-0.246
-0.246
-0.246
-0.246
-0.246
-0.246
-0.246
-0.246
-0.246
-0.246
-0.246
-0.246
-0.199
-0.199
-0.199
-0.199
-0.199
-0.199
-0.199
-0.199
-0.199
-0.199
-0.199
-0.199
-0.199
-0.199
-0.199
-0.199
-0.168
-0.168
-0.168
-0.168
-0.168
-0.168
-0.168
-0.168
-0.168
-0.168
-0.168
-0.168
-0.168
-0.168
-0.168
-0.168
-0.109
-0.109
-0.109
-0.109
-0.109
-0.109
-0.109
-0.109
-0.109
-0.109
-0.109
-0.109
-0.109
-0.109
-0.109
-0.109
-0.094
-0.094
-0.094
-0.094
-0.094
-0.094
-0.094
-0.094
-0.094
-0.094
-0.094
-0.094
-0.094
-0.094
-0.094
-0.094
0.023
0.023
0.023
0.023
0.023
0.023
0.023
0.023
0.023
0.023
0.023
0.023
0.023
0.023
0.023
0.023
0.27
0.27
0.27
0.27
0.27
0.27
0.27
0.27
0.27
0.27
0.27
0.27
0.27
0.27
0.27
0.27
0.332
0.332
0.332
0.332
0.332
0.332
0.332
0.332
0.332
0.332
0.332
0.332
0.332
0.332
0.332
0.332
0.356
0.356
0.356
0.356
0.356
0.356
0.356
0.356
0.356
0.356
0.356
0.356
0.356
0.356
0.356
0.356
0.645
0.645
0.645
0.645
0.645
0.645
0.645
0.645
0.645
0.645
0.645
0.645
0.645
0.645
0.645
0.645
1.02
1.02
1.02
1.02
1.02
1.02
1.02
1.02
1.02
1.02
1.02
1.02
1.02
1.02
1.02
1.02
1.176
1.176
1.176
1.176
1.176
1.176
1.176
1.176
1.176
1.176
1.176
1.176
1.176
1.176
1.176
1.176
1.164
1.164
1.164
1.164
1.164
1.164
1.164
1.164
1.164
1.164
1.164
1.164
1.164
1.164
1.164
1.164
1.172
1.172
1.172
1.172
1.172
1.172
1.172
1.172
1.172
1.172
1.172
1.172
1.172
1.172
1.172
1.172
1.254
1.254
1.254
1.254
1.254
1.254
1.254
1.254
1.254
1.254
1.254
1.254
1.254
1.254
1.254
1.254
1.293
1.293
1.293
1.293
1.293
1.293
1.293
1.293
1.293
1.293
1.293
1.293
1.293
1.293
1.293
1.293
1.235
1.235
1.235
1.235
1.235
1.235
1.235
1.235
1.235
1.235
1.235
1.235
1.235
1.235
1.235
1.235
1.242
1.242
1.242
1.242
1.242
1.242
1.242
1.242
1.242
1.242
1.242
1.242
1.242
1.242
1.242
1.242
1.11
1.11
1.11
1.11
1.11
1.11
1.11
1.11
1.11
1.11
1.11
1.11
1.11
1.11
1.11
1.11
0.989
0.989
0.989
0.989
0.989
0.989
0.989
0.989
0.989
0.989
0.989
0.989
0.989
0.989
0.989
0.989
0.992
0.992
0.992
0.992
0.992
0.992
0.992
0.992
0.992
0.992
0.992
0.992
0.992
0.992
0.992
0.992
0.715
0.715
0.715
0.715
0.715
0.715
0.715
0.715
0.715
0.715
0.715
0.715
0.715
0.715
0.715
0.715
0.539
0.539
0.539
0.539
0.539
0.539
0.539
0.539
0.539
0.539
0.539
0.539
0.539
0.539
0.539
0.539
0.414
0.414
0.414
0.414
0.414
0.414
0.414
0.414
0.414
0.414
0.414
0.414
0.414
0.414
0.414
0.414
0.359
0.359
0.359
0.359
0.359
0.359
0.359
0.359
0.359
0.359
0.359
0.359
0.359
0.359
0.359
0.359
-0.277
-0.277
-0.277
-0.277
-0.277
-0.277
-0.277
-0.277
-0.277
-0.277
-0.277
-0.277
-0.277
-0.277
-0.277
-0.277
-1.117
-1.117
-1.117
-1.117
-1.117
-1.117
-1.117
-1.117
-1.117
-1.117
-1.117
-1.117
-1.117
-1.117
-1.117
-1.117
-1.586
-1.586
-1.586
-1.586
-1.586
-1.586
-1.586
-1.586
-1.586
-1.586
-1.586
-1.586
-1.586
-1.586
-1.586
-1.586
-1.825
-1.825
-1.825
-1.825
-1.825
-1.825
-1.825
-1.825
-1.825
-1.825
-1.825
-1.825
-1.825
-1.825
-1.825
-1.825
-1.868
-1.868
-1.868
-1.868
-1.868
-1.868
-1.868
-1.868
-1.868
-1.868
-1.868
-1.868
-1.868
-1.868
-1.868
-1.868
-1.743
-1.743
-1.743
-1.743
-1.743
-1.743
-1.743
-1.743
-1.743
-1.743
-1.743
-1.743
-1.743
-1.743
-1.743
-1.743
-1.645
-1.645
-1.645
-1.645
-1.645
-1.645
-1.645
-1.645
-1.645
-1.645
-1.645
-1.645
-1.645
-1.645
-1.645
-1.645
-1.508
-1.508
-1.508
-1.508
-1.508
-1.508
-1.508
-1.508
-1.508
-1.508
-1.508
-1.508
-1.508
-1.508
-1.508
-1.508
-1.348
-1.348
-1.348
-1.348
-1.348
-1.348
-1.348
-1.348
-1.348
-1.348
-1.348
-1.348
-1.348
-1.348
-1.348
-1.348
-1.164
-1.164
-1.164
-1.164
-1.164
-1.164
-1.164
-1.164
-1.164
-1.164
-1.164
-1.164
-1.164
-1.164
-1.164
-1.164
-1.071
-1.071
-1.071
-1.071
-1.071
-1.071
-1.071
-1.071
-1.071
-1.071
-1.071
-1.071
-1.071
-1.071
-1.071
-1.071
-0.949
-0.949
-0.949
-0.949
-0.949
-0.949
-0.949
-0.949
-0.949
-0.949
-0.949
-0.949
-0.949
-0.949
-0.949
-0.949
-0.789
-0.789
-0.789
-0.789
-0.789
-0.789
-0.789
-0.789
-0.789
-0.789
-0.789
-0.789
-0.789
-0.789
-0.789
-0.789
-0.656
-0.656
-0.656
-0.656
-0.656
-0.656
-0.656
-0.656
-0.656
-0.656
-0.656
-0.656
-0.656
-0.656
-0.656
-0.656
-0.535
-0.535
-0.535
-0.535
-0.535
-0.535
-0.535
-0.535
-0.535
-0.535
-0.535
-0.535
-0.535
-0.535
-0.535
-0.535
-0.453
-0.453
-0.453
-0.453
-0.453
-0.453
-0.453
-0.453
-0.453
-0.453
-0.453
-0.453
-0.453
-0.453
-0.453
-0.453
-0.363
-0.363
-0.363
-0.363
-0.363
-0.363
-0.363
-0.363
-0.363
-0.363
-0.363
-0.363
-0.363
-0.363
-0.363
-0.363
-0.332
-0.332
-0.332
-0.332
-0.332
-0.332
-0.332
-0.332
-0.332
-0.332
-0.332
-0.332
-0.332
-0.332
-0.332
-0.332
-0.285
-0.285
-0.285
-0.285
-0.285
-0.285
-0.285
-0.285
-0.285
-0.285
-0.285
-0.285
-0.285
-0.285
-0.285
-0.285
-0.227
-0.227
-0.227
-0.227
-0.227
-0.227
-0.227
-0.227
-0.227
-0.227
-0.227
-0.227
-0.227
-0.227
-0.227
-0.227
-0.184
-0.184
-0.184
-0.184
-0.184
-0.184
-0.184
-0.184
-0.184
-0.184
-0.184
-0.184
-0.184
-0.184
-0.184
-0.184
-0.102
-0.102
-0.102
-0.102
-0.102
-0.102
-0.102
-0.102
-0.102
-0.102
-0.102
-0.102
-0.102
-0.102
-0.102
-0.102
-0.055
-0.055
-0.055
-0.055
-0.055
-0.055
-0.055
-0.055
-0.055
-0.055
-0.055
-0.055
-0.055
-0.055
-0.055
-0.055
-0.004
-0.004
-0.004
-0.004
-0.004
-0.004
-0.004
-0.004
-0.004
-0.004
-0.004
-0.004
-0.004
-0.004
-0.004
-0.004
0.035
0.035
0.035
0.035
0.035
0.035
0.035
0.035
0.035
0.035
0.035
0.035
0.035
0.035
0.035
0.035
-0.02
-0.02
-0.02
-0.02
-0.02
-0.02
-0.02
-0.02
-0.02
-0.02
-0.02
-0.02
-0.02
-0.02
-0.02
-0.02
0.035
0.035
0.035
0.035
0.035
0.035
0.035
0.035
0.035
0.035
0.035
0.035
0.035
0.035
0.035
0.035
0.129
0.129
0.129
0.129
0.129
0.129
0.129
0.129
0.129
0.129
0.129
0.129
0.129
0.129
0.129
0.129
0.242
0.242
0.242
0.242
0.242
0.242
0.242
0.242
0.242
0.242
0.242
0.242
0.242
0.242
0.242
0.242
0.324
0.324
0.324
0.324
0.324
0.324
0.324
0.324
0.324
0.324
0.324
0.324
0.324
0.324
0.324
0.324
0.328
0.328
0.328
0.328
0.328
0.328
0.328
0.328
0.328
0.328
0.328
0.328
0.328
0.328
0.328
0.328
0.375
0.375
0.375
0.375
0.375
0.375
0.375
0.375
0.375
0.375
0.375
0.375
0.375
0.375
0.375
0.375
0.293
0.293
0.293
0.293
0.293
0.293
0.293
0.293
0.293
0.293
0.293
0.293
0.293
0.293
0.293
0.293
0.188
0.188
0.188
0.188
0.188
0.188
0.188
0.188
0.188
0.188
0.188
0.188
0.188
0.188
0.188
0.188
0.172
0.172
0.172
0.172
0.172
0.172
0.172
0.172
0.172
0.172
0.172
0.172
0.172
0.172
0.172
0.172
0.176
0.176
0.176
0.176
0.176
0.176
0.176
0.176
0.176
0.176
0.176
0.176
0.176
0.176
0.176
0.176
0.238
0.238
0.238
0.238
0.238
0.238
0.238
0.238
0.238
0.238
0.238
0.238
0.238
0.238
0.238
0.238
0.242
0.242
0.242
0.242
0.242
0.242
0.242
0.242
0.242
0.242
0.242
0.242
0.242
0.242
0.242
0.242
0.356
0.356
0.356
0.356
0.356
0.356
0.356
0.356
0.356
0.356
0.356
0.356
0.356
0.356
0.356
0.356
0.496
0.496
0.496
0.496
0.496
0.496
0.496
0.496
0.496
0.496
0.496
0.496
0.496
0.496
0.496
0.496
0.492
0.492
0.492
0.492
0.492
0.492
0.492
0.492
0.492
0.492
0.492
0.492
0.492
0.492
0.492
0.492
0.41
0.41
0.41
0.41
0.41
0.41
0.41
0.41
0.41
0.41
0.41
0.41
0.41
0.41
0.41
0.41
0.371
0.371
0.371
0.371
0.371
0.371
0.371
0.371
0.371
0.371
0.371
0.371
0.371
0.371
0.371
0.371
0.34
0.34
0.34
0.34
0.34
0.34
0.34
0.34
0.34
0.34
0.34
0.34
0.34
0.34
0.34
0.34
0.434
0.434
0.434
0.434
0.434
0.434
0.434
0.434
0.434
0.434
0.434
0.434
0.434
0.434
0.434
0.434
0.555
0.555
0.555
0.555
0.555
0.555
0.555
0.555
0.555
0.555
0.555
0.555
0.555
0.555
0.555
0.555
0.645
0.645
0.645
0.645
0.645
0.645
0.645
0.645
0.645
0.645
0.645
0.645
0.645
0.645
0.645
0.645
0.653
0.653
0.653
0.653
0.653
0.653
0.653
0.653
0.653
0.653
0.653
0.653
0.653
0.653
0.653
0.653
0.641
0.641
0.641
0.641
0.641
0.641
0.641
0.641
0.641
0.641
0.641
0.641
0.641
0.641
0.641
0.641
0.676
0.676
0.676
0.676
0.676
0.676
0.676
0.676
0.676
0.676
0.676
0.676
0.676
0.676
0.676
0.676
0.758
0.758
0.758
0.758
0.758
0.758
0.758
0.758
0.758
0.758
0.758
0.758
0.758
0.758
0.758
0.758
0.766
0.766
0.766
0.766
0.766
0.766
0.766
0.766
0.766
0.766
0.766
0.766
0.766
0.766
0.766
0.766
0.563
0.563
0.563
0.563
0.563
0.563
0.563
0.563
0.563
0.563
0.563
0.563
0.563
0.563
0.563
0.563
0.594
0.594
0.594
0.594
0.594
0.594
0.594
0.594
0.594
0.594
0.594
0.594
0.594
0.594
0.594
0.594
0.469
0.469
0.469
0.469
0.469
0.469
0.469
0.469
0.469
0.469
0.469
0.469
0.469
0.469
0.469
0.469
-0.051
-0.051
-0.051
-0.051
-0.051
-0.051
-0.051
-0.051
-0.051
-0.051
-0.051
-0.051
-0.051
-0.051
-0.051
-0.051
-0.301
-0.301
-0.301
-0.301
-0.301
-0.301
-0.301
-0.301
-0.301
-0.301
-0.301
-0.301
-0.301
-0.301
-0.301
-0.301
-0.445
-0.445
-0.445
-0.445
-0.445
-0.445
-0.445
-0.445
-0.445
-0.445
-0.445
-0.445
-0.445
-0.445
-0.445
-0.445
-0.57
-0.57
-0.57
-0.57
-0.57
-0.57
-0.57
-0.57
-0.57
-0.57
-0.57
-0.57
-0.57
-0.57
-0.57
-0.57
-0.621
-0.621
-0.621
-0.621
-0.621
-0.621
-0.621
-0.621
-0.621
-0.621
-0.621
-0.621
-0.621
-0.621
-0.621
-0.621
-0.66
-0.66
-0.66
-0.66
-0.66
-0.66
-0.66
-0.66
-0.66
-0.66
-0.66
-0.66
-0.66
-0.66
-0.66
-0.66
-0.68
-0.68
-0.68
-0.68
-0.68
-0.68
-0.68
-0.68
-0.68
-0.68
-0.68
-0.68
-0.68
-0.68
-0.68
-0.68
-0.692
-0.692
-0.692
-0.692
-0.692
-0.692
-0.692
-0.692
-0.692
-0.692
-0.692
-0.692
-0.692
-0.692
-0.692
-0.692
-0.676
-0.676
-0.676
-0.676
-0.676
-0.676
-0.676
-0.676
-0.676
-0.676
-0.676
-0.676
-0.676
-0.676
-0.676
-0.676
-0.578
-0.578
-0.578
-0.578
-0.578
-0.578
-0.578
-0.578
-0.578
-0.578
-0.578
-0.578
-0.578
-0.578
-0.578
-0.578
-0.508
-0.508
-0.508
-0.508
-0.508
-0.508
-0.508
-0.508
-0.508
-0.508
-0.508
-0.508
-0.508
-0.508
-0.508
-0.508
-0.473
-0.473
-0.473
-0.473
-0.473
-0.473
-0.473
-0.473
-0.473
-0.473
-0.473
-0.473
-0.473
-0.473
-0.473
-0.473
-0.418
-0.418
-0.418
-0.418
-0.418
-0.418
-0.418
-0.418
-0.418
-0.418
-0.418
-0.418
-0.418
-0.418
-0.418
-0.418
-0.352
-0.352
-0.352
-0.352
-0.352
-0.352
-0.352
-0.352
-0.352
-0.352
-0.352
-0.352
-0.352
-0.352
-0.352
-0.352
-0.387
-0.387
-0.387
-0.387
-0.387
-0.387
-0.387
-0.387
-0.387
-0.387
-0.387
-0.387
-0.387
-0.387
-0.387
-0.387
-0.359
-0.359
-0.359
-0.359
-0.359
-0.359
-0.359
-0.359
-0.359
-0.359
-0.359
-0.359
-0.359
-0.359
-0.359
-0.359
-0.277
-0.277
-0.277
-0.277
-0.277
-0.277
-0.277
-0.277
-0.277
-0.277
-0.277
-0.277
-0.277
-0.277
-0.277
-0.277
-0.215
-0.215
-0.215
-0.215
-0.215
-0.215
-0.215
-0.215
-0.215
-0.215
-0.215
-0.215
-0.215
-0.215
-0.215
-0.215
-0.152
-0.152
-0.152
-0.152
-0.152
-0.152
-0.152
-0.152
-0.152
-0.152
-0.152
-0.152
-0.152
-0.152
-0.152
-0.152
-0.145
-0.145
-0.145
-0.145
-0.145
-0.145
-0.145
-0.145
-0.145
-0.145
-0.145
-0.145
-0.145
-0.145
-0.145
-0.145
-0.082
-0.082
-0.082
-0.082
-0.082
-0.082
-0.082
-0.082
-0.082
-0.082
-0.082
-0.082
-0.082
-0.082
-0.082
-0.082
-0.152
-0.152
-0.152
-0.152
-0.152
-0.152
-0.152
-0.152
-0.152
-0.152
-0.152
-0.152
-0.152
-0.152
-0.152
-0.152
-0.148
-0.148
-0.148
-0.148
-0.148
-0.148
-0.148
-0.148
-0.148
-0.148
-0.148
-0.148
-0.148
-0.148
-0.148
-0.148
-0.082
-0.082
-0.082
-0.082
-0.082
-0.082
-0.082
-0.082
-0.082
-0.082
-0.082
-0.082
-0.082
-0.082
-0.082
-0.082
-0.082
-0.082
-0.082
-0.082
-0.082
-0.082
-0.082
-0.082
-0.082
-0.082
-0.082
-0.082
-0.082
-0.082
-0.082
-0.082
0.039
0.039
0.039
0.039
0.039
0.039
0.039
0.039
0.039
0.039
0.039
0.039
0.039
0.039
0.039
0.039
0.316
0.316
0.316
0.316
0.316
0.316
0.316
0.316
0.316
0.316
0.316
0.316
0.316
0.316
0.316
0.316
0.539
0.539
0.539
0.539
0.539
0.539
0.539
0.539
0.539
0.539
0.539
0.539
0.539
0.539
0.539
0.539
0.551
0.551
0.551
0.551
0.551
0.551
0.551
0.551
0.551
0.551
0.551
0.551
0.551
0.551
0.551
0.551
0.469
0.469
0.469
0.469
0.469
0.469
0.469
0.469
0.469
0.469
0.469
0.469
0.469
0.469
0.469
0.469
0.61
0.61
0.61
0.61
0.61
0.61
0.61
0.61
0.61
0.61
0.61
0.61
0.61
0.61
0.61
0.61
0.828
0.828
0.828
0.828
0.828
0.828
0.828
0.828
0.828
0.828
0.828
0.828
0.828
0.828
0.828
0.828
0.985
0.985
0.985
0.985
0.985
0.985
0.985
0.985
0.985
0.985
0.985
0.985
0.985
0.985
0.985
0.985
1.024
1.024
1.024
1.024
1.024
1.024
1.024
1.024
1.024
1.024
1.024
1.024
1.024
1.024
1.024
1.024
1.043
1.043
1.043
1.043
1.043
1.043
1.043
1.043
1.043
1.043
1.043
1.043
1.043
1.043
1.043
1.043
1.047
1.047
1.047
1.047
1.047
1.047
1.047
1.047
1.047
1.047
1.047
1.047
1.047
1.047
1.047
1.047
0.91
0.91
0.91
0.91
0.91
0.91
0.91
0.91
0.91
0.91
0.91
0.91
0.91
0.91
0.91
0.91
0.946
0.946
0.946
0.946
0.946
0.946
0.946
0.946
0.946
0.946
0.946
0.946
0.946
0.946
0.946
0.946
1.02
1.02
1.02
1.02
1.02
1.02
1.02
1.02
1.02
1.02
1.02
1.02
1.02
1.02
1.02
1.02
1.039
1.039
1.039
1.039
1.039
1.039
1.039
1.039
1.039
1.039
1.039
1.039
1.039
1.039
1.039
1.039
0.938
0.938
0.938
0.938
0.938
0.938
0.938
0.938
0.938
0.938
0.938
0.938
0.938
0.938
0.938
0.938
0.891
0.891
0.891
0.891
0.891
0.891
0.891
0.891
0.891
0.891
0.891
0.891
0.891
0.891
0.891
0.891
0.809
0.809
0.809
0.809
0.809
0.809
0.809
0.809
0.809
0.809
0.809
0.809
0.809
0.809
0.809
0.809
0.473
0.473
0.473
0.473
0.473
0.473
0.473
0.473
0.473
0.473
0.473
0.473
0.473
0.473
0.473
0.473
0.191
0.191
0.191
0.191
0.191
0.191
0.191
0.191
0.191
0.191
0.191
0.191
0.191
0.191
0.191
0.191
0.145
0.145
0.145
0.145
0.145
0.145
0.145
0.145
0.145
0.145
0.145
0.145
0.145
0.145
0.145
0.145
-0.02
-0.02
-0.02
-0.02
-0.02
-0.02
-0.02
-0.02
-0.02
-0.02
-0.02
-0.02
-0.02
-0.02
-0.02
-0.02
-0.621
-0.621
-0.621
-0.621
-0.621
-0.621
-0.621
-0.621
-0.621
-0.621
-0.621
-0.621
-0.621
-0.621
-0.621
-0.621
-1.16
-1.16
-1.16
-1.16
-1.16
-1.16
-1.16
-1.16
-1.16
-1.16
-1.16
-1.16
-1.16
-1.16
-1.16
-1.16
-1.344
-1.344
-1.344
-1.344
-1.344
-1.344
-1.344
-1.344
-1.344
-1.344
-1.344
-1.344
-1.344
-1.344
-1.344
-1.344
-1.555
-1.555
-1.555
-1.555
-1.555
-1.555
-1.555
-1.555
-1.555
-1.555
-1.555
-1.555
-1.555
-1.555
-1.555
-1.555
-1.559
-1.559
-1.559
-1.559
-1.559
-1.559
-1.559
-1.559
-1.559
-1.559
-1.559
-1.559
-1.559
-1.559
-1.559
-1.559
-1.434
-1.434
-1.434
-1.434
-1.434
-1.434
-1.434
-1.434
-1.434
-1.434
-1.434
-1.434
-1.434
-1.434
-1.434
-1.434
-1.36
-1.36
-1.36
-1.36
-1.36
-1.36
-1.36
-1.36
-1.36
-1.36
-1.36
-1.36
-1.36
-1.36
-1.36
-1.36
-1.239
-1.239
-1.239
-1.239
-1.239
-1.239
-1.239
-1.239
-1.239
-1.239
-1.239
-1.239
-1.239
-1.239
-1.239
-1.239
-1.145
-1.145
-1.145
-1.145
-1.145
-1.145
-1.145
-1.145
-1.145
-1.145
-1.145
-1.145
-1.145
-1.145
-1.145
-1.145
-1.039
-1.039
-1.039
-1.039
-1.039
-1.039
-1.039
-1.039
-1.039
-1.039
-1.039
-1.039
-1.039
-1.039
-1.039
-1.039
-0.965
-0.965
-0.965
-0.965
-0.965
-0.965
-0.965
-0.965
-0.965
-0.965
-0.965
-0.965
-0.965
-0.965
-0.965
-0.965
-0.871
-0.871
-0.871
-0.871
-0.871
-0.871
-0.871
-0.871
-0.871
-0.871
-0.871
-0.871
-0.871
-0.871
-0.871
-0.871
-0.735
-0.735
-0.735
-0.735
-0.735
-0.735
-0.735
-0.735
-0.735
-0.735
-0.735
-0.735
-0.735
-0.735
-0.735
-0.735
-0.637
-0.637
-0.637
-0.637
-0.637
-0.637
-0.637
-0.637
-0.637
-0.637
-0.637
-0.637
-0.637
-0.637
-0.637
-0.637
-0.52
-0.52
-0.52
-0.52
-0.52
-0.52
-0.52
-0.52
-0.52
-0.52
-0.52
-0.52
-0.52
-0.52
-0.52
-0.52
-0.438
-0.438
-0.438
-0.438
-0.438
-0.438
-0.438
-0.438
-0.438
-0.438
-0.438
-0.438
-0.438
-0.438
-0.438
-0.438
-0.356
-0.356
-0.356
-0.356
-0.356
-0.356
-0.356
-0.356
-0.356
-0.356
-0.356
-0.356
-0.356
-0.356
-0.356
-0.356
-0.297
-0.297
-0.297
-0.297
-0.297
-0.297
-0.297
-0.297
-0.297
-0.297
-0.297
-0.297
-0.297
-0.297
-0.297
-0.297
-0.27
-0.27
-0.27
-0.27
-0.27
-0.27
-0.27
-0.27
-0.27
-0.27
-0.27
-0.27
-0.27
-0.27
-0.27
-0.27
-0.227
-0.227
-0.227
-0.227
-0.227
-0.227
-0.227
-0.227
-0.227
-0.227
-0.227
-0.227
-0.227
-0.227
-0.227
-0.227
-0.16
-0.16
-0.16
-0.16
-0.16
-0.16
-0.16
-0.16
-0.16
-0.16
-0.16
-0.16
-0.16
-0.16
-0.16
-0.16
-0.07
-0.07
-0.07
-0.07
-0.07
-0.07
-0.07
-0.07
-0.07
-0.07
-0.07
-0.07
-0.07
-0.07
-0.07
-0.07
-0.039
-0.039
-0.039
-0.039
-0.039
-0.039
-0.039
-0.039
-0.039
-0.039
-0.039
-0.039
-0.039
-0.039
-0.039
-0.039
-0.004
-0.004
-0.004
-0.004
-0.004
-0.004
-0.004
-0.004
-0.004
-0.004
-0.004
-0.004
-0.004
-0.004
-0.004
-0.004
0.043
0.043
0.043
0.043
0.043
0.043
0.043
0.043
0.043
0.043
0.043
0.043
0.043
0.043
0.043
0.043
0.043
0.043
0.043
0.043
0.043
0.043
0.043
0.043
0.043
0.043
0.043
0.043
0.043
0.043
0.043
0.043
0.121
0.121
0.121
0.121
0.121
0.121
0.121
0.121
0.121
0.121
0.121
0.121
0.121
0.121
0.121
0.121
0.266
0.266
0.266
0.266
0.266
0.266
0.266
0.266
0.266
0.266
0.266
0.266
0.266
0.266
0.266
0.266
0.442
0.442
0.442
0.442
0.442
0.442
0.442
0.442
0.442
0.442
0.442
0.442
0.442
0.442
0.442
0.442
0.649
0.649
0.649
0.649
0.649
0.649
0.649
0.649
0.649
0.649
0.649
0.649
0.649
0.649
0.649
0.649
0.707
0.707
0.707
0.707
0.707
0.707
0.707
0.707
0.707
0.707
0.707
0.707
0.707
0.707
0.707
0.707
0.688
0.688
0.688
0.688
0.688
0.688
0.688
0.688
0.688
0.688
0.688
0.688
0.688
0.688
0.688
0.688
0.535
0.535
0.535
0.535
0.535
0.535
0.535
0.535
0.535
0.535
0.535
0.535
0.535
0.535
0.535
0.535
0.356
0.356
0.356
0.356
0.356
0.356
0.356
0.356
0.356
0.356
0.356
0.356
0.356
0.356
0.356
0.356
0.457
0.457
0.457
0.457
0.457
0.457
0.457
0.457
0.457
0.457
0.457
0.457
0.457
0.457
0.457
0.457
0.676
0.676
0.676
0.676
0.676
0.676
0.676
0.676
0.676
0.676
0.676
0.676
0.676
0.676
0.676
0.676
0.801
0.801
0.801
0.801
0.801
0.801
0.801
0.801
0.801
0.801
0.801
0.801
0.801
0.801
0.801
0.801
0.844
0.844
0.844
0.844
0.844
0.844
0.844
0.844
0.844
0.844
0.844
0.844
0.844
0.844
0.844
0.844
0.828
0.828
0.828
0.828
0.828
0.828
0.828
0.828
0.828
0.828
0.828
0.828
0.828
0.828
0.828
0.828
0.789
0.789
0.789
0.789
0.789
0.789
0.789
0.789
0.789
0.789
0.789
0.789
0.789
0.789
0.789
0.789
0.559
0.559
0.559
0.559
0.559
0.559
0.559
0.559
0.559
0.559
0.559
0.559
0.559
0.559
0.559
0.559
0.516
0.516
0.516
0.516
0.516
0.516
0.516
0.516
0.516
0.516
0.516
0.516
0.516
0.516
0.516
0.516
0.535
0.535
0.535
0.535
0.535
0.535
0.535
0.535
0.535
0.535
0.535
0.535
0.535
0.535
0.535
0.535
0.574
0.574
0.574
0.574
0.574
0.574
0.574
0.574
0.574
0.574
0.574
0.574
0.574
0.574
0.574
0.574
0.617
0.617
0.617
0.617
0.617
0.617
0.617
0.617
0.617
0.617
0.617
0.617
0.617
0.617
0.617
0.617
0.547
0.547
0.547
0.547
0.547
0.547
0.547
0.547
0.547
0.547
0.547
0.547
0.547
0.547
0.547
0.547
0.461
0.461
0.461
0.461
0.461
0.461
0.461
0.461
0.461
0.461
0.461
0.461
0.461
0.461
0.461
0.461
0.41
0.41
0.41
0.41
0.41
0.41
0.41
0.41
0.41
0.41
0.41
0.41
0.41
0.41
0.41
0.41
0.461
0.461
0.461
0.461
0.461
0.461
0.461
0.461
0.461
0.461
0.461
0.461
0.461
0.461
0.461
0.461
0.074
0.074
0.074
0.074
0.074
0.074
0.074
0.074
0.074
0.074
0.074
0.074
0.074
0.074
0.074
0.074
-0.516
-0.516
-0.516
-0.516
-0.516
-0.516
-0.516
-0.516
-0.516
-0.516
-0.516
-0.516
-0.516
-0.516
-0.516
-0.516
-0.715
-0.715
-0.715
-0.715
-0.715
-0.715
-0.715
-0.715
-0.715
-0.715
-0.715
-0.715
-0.715
-0.715
-0.715
-0.715
-0.832
-0.832
-0.832
-0.832
-0.832
-0.832
-0.832
-0.832
-0.832
-0.832
-0.832
-0.832
-0.832
-0.832
-0.832
-0.832
-0.891
-0.891
-0.891
-0.891
-0.891
-0.891
-0.891
-0.891
-0.891
-0.891
-0.891
-0.891
-0.891
-0.891
-0.891
-0.891
-0.914
-0.914
-0.914
-0.914
-0.914
-0.914
-0.914
-0.914
-0.914
-0.914
-0.914
-0.914
-0.914
-0.914
-0.914
-0.914
-0.942
-0.942
-0.942
-0.942
-0.942
-0.942
-0.942
-0.942
-0.942
-0.942
-0.942
-0.942
-0.942
-0.942
-0.942
-0.942
-0.883
-0.883
-0.883
-0.883
-0.883
-0.883
-0.883
-0.883
-0.883
-0.883
-0.883
-0.883
-0.883
-0.883
-0.883
-0.883
-0.805
-0.805
-0.805
-0.805
-0.805
-0.805
-0.805
-0.805
-0.805
-0.805
-0.805
-0.805
-0.805
-0.805
-0.805
-0.805
-0.738
-0.738
-0.738
-0.738
-0.738
-0.738
-0.738
-0.738
-0.738
-0.738
-0.738
-0.738
-0.738
-0.738
-0.738
-0.738
-0.66
-0.66
-0.66
-0.66
-0.66
-0.66
-0.66
-0.66
-0.66
-0.66
-0.66
-0.66
-0.66
-0.66
-0.66
-0.66
-0.598
-0.598
-0.598
-0.598
-0.598
-0.598
-0.598
-0.598
-0.598
-0.598
-0.598
-0.598
-0.598
-0.598
-0.598
-0.598
-0.547
-0.547
-0.547
-0.547
-0.547
-0.547
-0.547
-0.547
-0.547
-0.547
-0.547
-0.547
-0.547
-0.547
-0.547
-0.547
-0.504
-0.504
-0.504
-0.504
-0.504
-0.504
-0.504
-0.504
-0.504
-0.504
-0.504
-0.504
-0.504
-0.504
-0.504
-0.504
-0.457
-0.457
-0.457
-0.457
-0.457
-0.457
-0.457
-0.457
-0.457
-0.457
-0.457
-0.457
-0.457
-0.457
-0.457
-0.457
-0.387
-0.387
-0.387
-0.387
-0.387
-0.387
-0.387
-0.387
-0.387
-0.387
-0.387
-0.387
-0.387
-0.387
-0.387
-0.387
-0.293
-0.293
-0.293
-0.293
-0.293
-0.293
-0.293
-0.293
-0.293
-0.293
-0.293
-0.293
-0.293
-0.293
-0.293
-0.293
-0.25
-0.25
-0.25
-0.25
-0.25
-0.25
-0.25
-0.25
-0.25
-0.25
-0.25
-0.25
-0.25
-0.25
-0.25
-0.25
-0.188
-0.188
-0.188
-0.188
-0.188
-0.188
-0.188
-0.188
-0.188
-0.188
-0.188
-0.188
-0.188
-0.188
-0.188
-0.188
-0.145
-0.145
-0.145
-0.145
-0.145
-0.145
-0.145
-0.145
-0.145
-0.145
-0.145
-0.145
-0.145
-0.145
-0.145
-0.145
-0.148
-0.148
-0.148
-0.148
-0.148
-0.148
-0.148
-0.148
-0.148
-0.148
-0.148
-0.148
-0.148
-0.148
-0.148
-0.148
-0.148
-0.148
-0.148
-0.148
-0.148
-0.148
-0.148
-0.148
-0.148
-0.148
-0.148
-0.148
-0.148
-0.148
-0.148
-0.148
-0.094
-0.094
-0.094
-0.094
-0.094
-0.094
-0.094
-0.094
-0.094
-0.094
-0.094
-0.094
-0.094
-0.094
-0.094
-0.094
-0.043
-0.043
-0.043
-0.043
-0.043
-0.043
-0.043
-0.043
-0.043
-0.043
-0.043
-0.043
-0.043
-0.043
-0.043
-0.043
-0.016
-0.016
-0.016
-0.016
-0.016
-0.016
-0.016
-0.016
-0.016
-0.016
-0.016
-0.016
-0.016
-0.016
-0.016
-0.016
0.063
0.063
0.063
0.063
0.063
0.063
0.063
0.063
0.063
0.063
0.063
0.063
0.063
0.063
0.063
0.063
0.281
0.281
0.281
0.281
0.281
0.281
0.281
0.281
0.281
0.281
0.281
0.281
0.281
0.281
0.281
0.281
0.316
0.316
0.316
0.316
0.316
0.316
0.316
0.316
0.316
0.316
0.316
0.316
0.316
0.316
0.316
0.316
0.274
0.274
0.274
0.274
0.274
0.274
0.274
0.274
0.274
0.274
0.274
0.274
0.274
0.274
0.274
0.274
0.348
0.348
0.348
0.348
0.348
0.348
0.348
0.348
0.348
0.348
0.348
0.348
0.348
0.348
0.348
0.348
0.457
0.457
0.457
0.457
0.457
0.457
0.457
0.457
0.457
0.457
0.457
0.457
0.457
0.457
0.457
0.457
0.492
0.492
0.492
0.492
0.492
0.492
0.492
0.492
0.492
0.492
0.492
0.492
0.492
0.492
0.492
0.492
0.34
0.34
0.34
0.34
0.34
0.34
0.34
0.34
0.34
0.34
0.34
0.34
0.34
0.34
0.34
0.34
0.32
0.32
0.32
0.32
0.32
0.32
0.32
0.32
0.32
0.32
0.32
0.32
0.32
0.32
0.32
0.32
0.199
0.199
0.199
0.199
0.199
0.199
0.199
0.199
0.199
0.199
0.199
0.199
0.199
0.199
0.199
0.199
0.141
0.141
0.141
0.141
0.141
0.141
0.141
0.141
0.141
0.141
0.141
0.141
0.141
0.141
0.141
0.141
0.328
0.328
0.328
0.328
0.328
0.328
0.328
0.328
0.328
0.328
0.328
0.328
0.328
0.328
0.328
0.328
0.434
0.434
0.434
0.434
0.434
0.434
0.434
0.434
0.434
0.434
0.434
0.434
0.434
0.434
0.434
0.434
0.625
0.625
0.625
0.625
0.625
0.625
0.625
0.625
0.625
0.625
0.625
0.625
0.625
0.625
0.625
0.625
0.672
0.672
0.672
0.672
0.672
0.672
0.672
0.672
0.672
0.672
0.672
0.672
0.672
0.672
0.672
0.672
0.684
0.684
0.684
0.684
0.684
0.684
0.684
0.684
0.684
0.684
0.684
0.684
0.684
0.684
0.684
0.684
0.66
0.66
0.66
0.66
0.66
0.66
0.66
0.66
0.66
0.66
0.66
0.66
0.66
0.66
0.66
0.66
0.508
0.508
0.508
0.508
0.508
0.508
0.508
0.508
0.508
0.508
0.508
0.508
0.508
0.508
0.508
0.508
0.473
0.473
0.473
0.473
0.473
0.473
0.473
0.473
0.473
0.473
0.473
0.473
0.473
0.473
0.473
0.473
0.57
0.57
0.57
0.57
0.57
0.57
0.57
0.57
0.57
0.57
0.57
0.57
0.57
0.57
0.57
0.57
0.613
0.613
0.613
0.613
0.613
0.613
0.613
0.613
0.613
0.613
0.613
0.613
0.613
0.613
0.613
0.613
0.563
0.563
0.563
0.563
0.563
0.563
0.563
0.563
0.563
0.563
0.563
0.563
0.563
0.563
0.563
0.563
0.535
0.535
0.535
0.535
0.535
0.535
0.535
0.535
0.535
0.535
0.535
0.535
0.535
0.535
0.535
0.535
0.598
0.598
0.598
0.598
0.598
0.598
0.598
0.598
0.598
0.598
0.598
0.598
0.598
0.598
0.598
0.598
0.234
0.234
0.234
0.234
0.234
0.234
0.234
0.234
0.234
0.234
0.234
0.234
0.234
0.234
0.234
0.234
-0.168
-0.168
-0.168
-0.168
-0.168
-0.168
-0.168
-0.168
-0.168
-0.168
-0.168
-0.168
-0.168
-0.168
-0.168
-0.168
-0.422
-0.422
-0.422
-0.422
-0.422
-0.422
-0.422
-0.422
-0.422
-0.422
-0.422
-0.422
-0.422
-0.422
-0.422
-0.422
-0.563
-0.563
-0.563
-0.563
-0.563
-0.563
-0.563
-0.563
-0.563
-0.563
-0.563
-0.563
-0.563
-0.563
-0.563
-0.563
-0.684
-0.684
-0.684
-0.684
-0.684
-0.684
-0.684
-0.684
-0.684
-0.684
-0.684
-0.684
-0.684
-0.684
-0.684
-0.684
-0.703
-0.703
-0.703
-0.703
-0.703
-0.703
-0.703
-0.703
-0.703
-0.703
-0.703
-0.703
-0.703
-0.703
-0.703
-0.703
-0.738
-0.738
-0.738
-0.738
-0.738
-0.738
-0.738
-0.738
-0.738
-0.738
-0.738
-0.738
-0.738
-0.738
-0.738
-0.738
-0.778
-0.778
-0.778
-0.778
-0.778
-0.778
-0.778
-0.778
-0.778
-0.778
-0.778
-0.778
-0.778
-0.778
-0.778
-0.778
-0.738
-0.738
-0.738
-0.738
-0.738
-0.738
-0.738
-0.738
-0.738
-0.738
-0.738
-0.738
-0.738
-0.738
-0.738
-0.738
-0.672
-0.672
-0.672
-0.672
-0.672
-0.672
-0.672
-0.672
-0.672
-0.672
-0.672
-0.672
-0.672
-0.672
-0.672
-0.672
-0.586
-0.586
-0.586
-0.586
-0.586
-0.586
-0.586
-0.586
-0.586
-0.586
-0.586
-0.586
-0.586
-0.586
-0.586
-0.586
-0.524
-0.524
-0.524
-0.524
-0.524
-0.524
-0.524
-0.524
-0.524
-0.524
-0.524
-0.524
-0.524
-0.524
-0.524
-0.524
-0.481
-0.481
-0.481
-0.481
-0.481
-0.481
-0.481
-0.481
-0.481
-0.481
-0.481
-0.481
-0.481
-0.481
-0.481
-0.481
-0.418
-0.418
-0.418
-0.418
-0.418
-0.418
-0.418
-0.418
-0.418
-0.418
-0.418
-0.418
-0.418
-0.418
-0.418
-0.418
-0.426
-0.426
-0.426
-0.426
-0.426
-0.426
-0.426
-0.426
-0.426
-0.426
-0.426
-0.426
-0.426
-0.426
-0.426
-0.426
-0.395
-0.395
-0.395
-0.395
-0.395
-0.395
-0.395
-0.395
-0.395
-0.395
-0.395
-0.395
-0.395
-0.395
-0.395
-0.395
-0.316
-0.316
-0.316
-0.316
-0.316
-0.316
-0.316
-0.316
-0.316
-0.316
-0.316
-0.316
-0.316
-0.316
-0.316
-0.316
-0.25
-0.25
-0.25
-0.25
-0.25
-0.25
-0.25
-0.25
-0.25
-0.25
-0.25
-0.25
-0.25
-0.25
-0.25
-0.25
-0.184
-0.184
-0.184
-0.184
-0.184
-0.184
-0.184
-0.184
-0.184
-0.184
-0.184
-0.184
-0.184
-0.184
-0.184
-0.184
-0.164
-0.164
-0.164
-0.164
-0.164
-0.164
-0.164
-0.164
-0.164
-0.164
-0.164
-0.164
-0.164
-0.164
-0.164
-0.164
-0.113
-0.113
-0.113
-0.113
-0.113
-0.113
-0.113
-0.113
-0.113
-0.113
-0.113
-0.113
-0.113
-0.113
-0.113
-0.113
-0.16
-0.16
-0.16
-0.16
-0.16
-0.16
-0.16
-0.16
-0.16
-0.16
-0.16
-0.16
-0.16
-0.16
-0.16
-0.16
-0.156
-0.156
-0.156
-0.156
-0.156
-0.156
-0.156
-0.156
-0.156
-0.156
-0.156
-0.156
-0.156
-0.156
-0.156
-0.156
-0.105
-0.105
-0.105
-0.105
-0.105
-0.105
-0.105
-0.105
-0.105
-0.105
-0.105
-0.105
-0.105
-0.105
-0.105
-0.105
-0.074
-0.074
-0.074
-0.074
-0.074
-0.074
-0.074
-0.074
-0.074
-0.074
-0.074
-0.074
-0.074
-0.074
-0.074
-0.074
-0.031
-0.031
-0.031
-0.031
-0.031
-0.031
-0.031
-0.031
-0.031
-0.031
-0.031
-0.031
-0.031
-0.031
-0.031
-0.031
-0.02
-0.02
-0.02
-0.02
-0.02
-0.02
-0.02
-0.02
-0.02
-0.02
-0.02
-0.02
-0.02
-0.02
-0.02
-0.02
0.113
0.113
0.113
0.113
0.113
0.113
0.113
0.113
0.113
0.113
0.113
0.113
0.113
0.113
0.113
0.113
0.219
0.219
0.219
0.219
0.219
0.219
0.219
0.219
0.219
0.219
0.219
0.219
0.219
0.219
0.219
0.219
0.188
0.188
0.188
0.188
0.188
0.188
0.188
0.188
0.188
0.188
0.188
0.188
0.188
0.188
0.188
0.188
0.289
0.289
0.289
0.289
0.289
0.289
0.289
0.289
0.289
0.289
0.289
0.289
0.289
0.289
0.289
0.289
0.41
0.41
0.41
0.41
0.41
0.41
0.41
0.41
0.41
0.41
0.41
0.41
0.41
0.41
0.41
0.41
0.406
0.406
0.406
0.406
0.406
0.406
0.406
0.406
0.406
0.406
0.406
0.406
0.406
0.406
0.406
0.406
0.359
0.359
0.359
0.359
0.359
0.359
0.359
0.359
0.359
0.359
0.359
0.359
0.359
0.359
0.359
0.359
0.336
0.336
0.336
0.336
0.336
0.336
0.336
0.336
0.336
0.336
0.336
0.336
0.336
0.336
0.336
0.336
0.324
0.324
0.324
0.324
0.324
0.324
0.324
0.324
0.324
0.324
0.324
0.324
0.324
0.324
0.324
0.324
0.16
0.16
0.16
0.16
0.16
0.16
0.16
0.16
0.16
0.16
0.16
0.16
0.16
0.16
0.16
0.16
0.109
0.109
0.109
0.109
0.109
0.109
0.109
0.109
0.109
0.109
0.109
0.109
0.109
0.109
0.109
0.109
0.105
0.105
0.105
0.105
0.105
0.105
0.105
0.105
0.105
0.105
0.105
0.105
0.105
0.105
0.105
0.105
0.145
0.145
0.145
0.145
0.145
0.145
0.145
0.145
0.145
0.145
0.145
0.145
0.145
0.145
0.145
0.145
0.168
0.168
0.168
0.168
0.168
0.168
0.168
0.168
0.168
0.168
0.168
0.168
0.168
0.168
0.168
0.168
0.289
0.289
0.289
0.289
0.289
0.289
0.289
0.289
0.289
0.289
0.289
0.289
0.289
0.289
0.289
0.289
0.406
0.406
0.406
0.406
0.406
0.406
0.406
0.406
0.406
0.406
0.406
0.406
0.406
0.406
0.406
0.406
0.289
0.289
0.289
0.289
0.289
0.289
0.289
0.289
0.289
0.289
0.289
0.289
0.289
0.289
0.289
0.289
0.203
0.203
0.203
0.203
0.203
0.203
0.203
0.203
0.203
0.203
0.203
0.203
0.203
0.203
0.203
0.203
0.07
0.07
0.07
0.07
0.07
0.07
0.07
0.07
0.07
0.07
0.07
0.07
0.07
0.07
0.07
0.07
