-0.999969
-0.999971
-0.999973
-0.999974
-0.999976
-0.999977
-0.999979
-0.999980
-0.999981
-0.999983
-0.999984
-0.999985
-0.999986
-0.999987
-0.999988
-0.999989
-0.999989
-0.999990
-0.999991
-0.999992
-0.999992
-0.999993
-0.999994
-0.999994
-0.999995
-0.999995
-0.999996
-0.999996
-0.999996
-0.999997
-0.999997
-0.999997
-0.999998
-0.999998
-0.999998
-0.999998
-0.999999
-0.999999
-0.999999
-0.999999
-0.999999
-0.999999
-0.999999
-0.999999
-1.000000
-1.000000
-1.000000
-1.000000
-1.000000
-1.000000
-1.000000
-1.000000
-1.000000
-1.000000
-1.000000
-1.000000
-1.000000
-1.000000
-1.000000
-1.000000
-1.000000
-1.000000
-1.000000
-1.000000
-1.000000
-1.000000
-1.000000
-1.000000
-1.000000
-1.000000
-1.000000
-1.000000
-1.000000
-1.000000
-1.000000
-1.000000
-1.000000
-1.000000
-1.000000
-1.000000
-1.000000
-1.000000
-1.000000
-1.000000
-1.000000
-1.000000
-1.000000
-1.000000
-1.000000
-1.000000
-1.000000
-1.000000
-0.999999
-0.999999
-0.999999
-0.999999
-0.999999
-0.999999
-0.999999
-0.999999
-0.999998
-0.999998
-0.999998
-0.999998
-0.999997
-0.999997
-0.999997
-0.999996
-0.999996
-0.999996
-0.999995
-0.999995
-0.999994
-0.999994
-0.999993
-0.999993
-0.999992
-0.999991
-0.999990
-0.999990
-0.999989
-0.999988
-0.999987
-0.999986
-0.999985
-0.999984
-0.999983
-0.999982
-0.999980
-0.999979
-0.999978
-0.999976
-0.999975
-0.999973
-0.999971
-0.999969
-0.999968
-0.999966
-0.999964
-0.999961
-0.999959
-0.999957
-0.999955
-0.999952
-0.999950
-0.999947
-0.999944
-0.999941
-0.999938
-0.999935
-0.999932
-0.999928
-0.999925
-0.999921
-0.999917
-0.999914
-0.999910
-0.999905
-0.999901
-0.999897
-0.999892
-0.999887
-0.999882
-0.999877
-0.999872
-0.999867
-0.999861
-0.999855
-0.999850
-0.999843
-0.999837
-0.999831
-0.999824
-0.999817
-0.999810
-0.999803
-0.999796
-0.999788
-0.999780
-0.999772
-0.999764
-0.999755
-0.999747
-0.999738
-0.999728
-0.999719
-0.999709
-0.999699
-0.999689
-0.999679
-0.999668
-0.999657
-0.999646
-0.999634
-0.999622
-0.999610
-0.999598
-0.999585
-0.999572
-0.999559
-0.999546
-0.999532
-0.999518
-0.999503
-0.999488
-0.999473
-0.999458
-0.999442
-0.999426
-0.999409
-0.999392
-0.999375
-0.999358
-0.999340
-0.999321
-0.999303
-0.999284
-0.999264
-0.999244
-0.999224
-0.999203
-0.999182
-0.999161
-0.999139
-0.999117
-0.999094
-0.999071
-0.999047
-0.999023
-0.998998
-0.998973
-0.998948
-0.998922
-0.998896
-0.998869
-0.998841
-0.998813
-0.998785
-0.998756
-0.998727
-0.998697
-0.998667
-0.998636
-0.998604
-0.998572
-0.998540
-0.998506
-0.998473
-0.998439
-0.998404
-0.998368
-0.998332
-0.998296
-0.998259
-0.998221
-0.998183
-0.998144
-0.998104
-0.998064
-0.998023
-0.997982
-0.997939
-0.997897
-0.997853
-0.997809
-0.997764
-0.997719
-0.997673
-0.997626
-0.997578
-0.997530
-0.997481
-0.997431
-0.997381
-0.997330
-0.997278
-0.997225
-0.997172
-0.997118
-0.997063
-0.997007
-0.996951
-0.996893
-0.996835
-0.996776
-0.996717
-0.996656
-0.996595
-0.996532
-0.996469
-0.996406
-0.996341
-0.996275
-0.996209
-0.996141
-0.996073
-0.996004
-0.995934
-0.995863
-0.995791
-0.995718
-0.995644
-0.995570
-0.995494
-0.995417
-0.995340
-0.995261
-0.995182
-0.995101
-0.995020
-0.994937
-0.994854
-0.994769
-0.994684
-0.994597
-0.994509
-0.994421
-0.994331
-0.994240
-0.994148
-0.994055
-0.993961
-0.993866
-0.993769
-0.993672
-0.993573
-0.993473
-0.993373
-0.993271
-0.993167
-0.993063
-0.992957
-0.992851
-0.992743
-0.992634
-0.992523
-0.992412
-0.992299
-0.992185
-0.992069
-0.991953
-0.991835
-0.991716
-0.991596
-0.991474
-0.991351
-0.991226
-0.991101
-0.990974
-0.990846
-0.990716
-0.990585
-0.990452
-0.990319
-0.990184
-0.990047
-0.989909
-0.989770
-0.989629
-0.989487
-0.989343
-0.989198
-0.989051
-0.988903
-0.988754
-0.988603
-0.988450
-0.988296
-0.988141
-0.987984
-0.987825
-0.987665
-0.987503
-0.987340
-0.987175
-0.987009
-0.986840
-0.986671
-0.986500
-0.986327
-0.986152
-0.985976
-0.985798
-0.985619
-0.985438
-0.985255
-0.985070
-0.984884
-0.984696
-0.984507
-0.984315
-0.984122
-0.983927
-0.983731
-0.983532
-0.983332
-0.983130
-0.982926
-0.982721
-0.982513
-0.982304
-0.982093
-0.981880
-0.981665
-0.981448
-0.981230
-0.981009
-0.980787
-0.980563
-0.980337
-0.980108
-0.979878
-0.979646
-0.979412
-0.979176
-0.978938
-0.978698
-0.978456
-0.978212
-0.977966
-0.977718
-0.977468
-0.977216
-0.976961
-0.976705
-0.976447
-0.976186
-0.975923
-0.975659
-0.975392
-0.975123
-0.974851
-0.974578
-0.974302
-0.974025
-0.973745
-0.973462
-0.973178
-0.972891
-0.972603
-0.972311
-0.972018
-0.971722
-0.971424
-0.971124
-0.970821
-0.970517
-0.970209
-0.969900
-0.969588
-0.969274
-0.968957
-0.968638
-0.968316
-0.967993
-0.967666
-0.967338
-0.967007
-0.966673
-0.966337
-0.965998
-0.965657
-0.965314
-0.964968
-0.964619
-0.964268
-0.963915
-0.963558
-0.963200
-0.962838
-0.962475
-0.962108
-0.961739
-0.961367
-0.960993
-0.960616
-0.960236
-0.959854
-0.959469
-0.959082
-0.958691
-0.958298
-0.957902
-0.957504
-0.957103
-0.956699
-0.956292
-0.955882
-0.955470
-0.955055
-0.954637
-0.954216
-0.953793
-0.953366
-0.952937
-0.952505
-0.952070
-0.951632
-0.951191
-0.950748
-0.950301
-0.949851
-0.949399
-0.948943
-0.948485
-0.948024
-0.947559
-0.947092
-0.946621
-0.946148
-0.945671
-0.945192
-0.944709
-0.944224
-0.943735
-0.943243
-0.942748
-0.942250
-0.941749
-0.941245
-0.940737
-0.940227
-0.939713
-0.939196
-0.938676
-0.938153
-0.937626
-0.937096
-0.936563
-0.936027
-0.935487
-0.934945
-0.934399
-0.933849
-0.933296
-0.932740
-0.932181
-0.931618
-0.931052
-0.930483
-0.929910
-0.929334
-0.928755
-0.928172
-0.927585
-0.926996
-0.926402
-0.925806
-0.925206
-0.924602
-0.923995
-0.923384
-0.922770
-0.922153
-0.921531
-0.920907
-0.920278
-0.919647
-0.919011
-0.918372
-0.917730
-0.917084
-0.916434
-0.915781
-0.915124
-0.914463
-0.913798
-0.913130
-0.912459
-0.911783
-0.911104
-0.910422
-0.909735
-0.909045
-0.908351
-0.907653
-0.906951
-0.906246
-0.905537
-0.904824
-0.904107
-0.903387
-0.902662
-0.901934
-0.901202
-0.900466
-0.899726
-0.898983
-0.898235
-0.897484
-0.896728
-0.895969
-0.895205
-0.894438
-0.893667
-0.892892
-0.892113
-0.891330
-0.890542
-0.889751
-0.888956
-0.888157
-0.887354
-0.886546
-0.885735
-0.884920
-0.884100
-0.883276
-0.882449
-0.881617
-0.880781
-0.879941
-0.879097
-0.878248
-0.877396
-0.876539
-0.875678
-0.874813
-0.873944
-0.873070
-0.872192
-0.871310
-0.870424
-0.869534
-0.868639
-0.867740
-0.866837
-0.865929
-0.865017
-0.864101
-0.863180
-0.862256
-0.861326
-0.860393
-0.859455
-0.858513
-0.857566
-0.856615
-0.855660
-0.854700
-0.853736
-0.852767
-0.851794
-0.850816
-0.849835
-0.848848
-0.847857
-0.846862
-0.845862
-0.844858
-0.843849
-0.842835
-0.841818
-0.840795
-0.839768
-0.838737
-0.837701
-0.836660
-0.835615
-0.834565
-0.833511
-0.832452
-0.831388
-0.830320
-0.829247
-0.828170
-0.827088
-0.826001
-0.824910
-0.823814
-0.822713
-0.821608
-0.820498
-0.819383
-0.818263
-0.817139
-0.816010
-0.814877
-0.813738
-0.812595
-0.811447
-0.810295
-0.809137
-0.807975
-0.806808
-0.805637
-0.804460
-0.803279
-0.802093
-0.800902
-0.799706
-0.798506
-0.797300
-0.796090
-0.794875
-0.793655
-0.792430
-0.791200
-0.789966
-0.788726
-0.787482
-0.786233
-0.784979
-0.783720
-0.782456
-0.781187
-0.779913
-0.778634
-0.777350
-0.776062
-0.774768
-0.773470
-0.772166
-0.770858
-0.769544
-0.768226
-0.766902
-0.765574
-0.764240
-0.762902
-0.761559
-0.760210
-0.758857
-0.757498
-0.756135
-0.754766
-0.753392
-0.752014
-0.750630
-0.749241
-0.747847
-0.746448
-0.745044
-0.743635
-0.742221
-0.740802
-0.739378
-0.737948
-0.736514
-0.735074
-0.733629
-0.732180
-0.730725
-0.729264
-0.727799
-0.726329
-0.724854
-0.723373
-0.721887
-0.720396
-0.718900
-0.717399
-0.715893
-0.714381
-0.712865
-0.711343
-0.709816
-0.708284
-0.706746
-0.705204
-0.703656
-0.702103
-0.700545
-0.698982
-0.697414
-0.695840
-0.694261
-0.692677
-0.691088
-0.689494
-0.687894
-0.686289
-0.684679
-0.683064
-0.681444
-0.679818
-0.678187
-0.676551
-0.674910
-0.673263
-0.671611
-0.669954
-0.668292
-0.666625
-0.664952
-0.663274
-0.661591
-0.659903
-0.658209
-0.656510
-0.654806
-0.653097
-0.651383
-0.649663
-0.647938
-0.646208
-0.644472
-0.642732
-0.640986
-0.639235
-0.637478
-0.635717
-0.633950
-0.632178
-0.630400
-0.628618
-0.626830
-0.625037
-0.623239
-0.621435
-0.619627
-0.617813
-0.615994
-0.614169
-0.612340
-0.610505
-0.608665
-0.606820
-0.604969
-0.603114
-0.601253
-0.599387
-0.597515
-0.595639
-0.593757
-0.591870
-0.589978
-0.588081
-0.586178
-0.584270
-0.582358
-0.580439
-0.578516
-0.576588
-0.574654
-0.572715
-0.570771
-0.568822
-0.566868
-0.564908
-0.562944
-0.560974
-0.558999
-0.557019
-0.555034
-0.553043
-0.551048
-0.549047
-0.547041
-0.545030
-0.543014
-0.540993
-0.538967
-0.536936
-0.534899
-0.532858
-0.530811
-0.528759
-0.526703
-0.524641
-0.522574
-0.520502
-0.518425
-0.516343
-0.514256
-0.512163
-0.510066
-0.507964
-0.505857
-0.503744
-0.501627
-0.499505
-0.497378
-0.495245
-0.493108
-0.490966
-0.488819
-0.486667
-0.484510
-0.482348
-0.480181
-0.478009
-0.475832
-0.473650
-0.471464
-0.469272
-0.467076
-0.464874
-0.462668
-0.460457
-0.458241
-0.456020
-0.453795
-0.451564
-0.449329
-0.447089
-0.444844
-0.442594
-0.440340
-0.438081
-0.435817
-0.433548
-0.431275
-0.428996
-0.426713
-0.424426
-0.422133
-0.419836
-0.417534
-0.415228
-0.412917
-0.410601
-0.408280
-0.405955
-0.403626
-0.401291
-0.398952
-0.396609
-0.394261
-0.391908
-0.389551
-0.387189
-0.384823
-0.382452
-0.380076
-0.377697
-0.375312
-0.372923
-0.370530
-0.368132
-0.365730
-0.363324
-0.360913
-0.358497
-0.356077
-0.353653
-0.351225
-0.348792
-0.346355
-0.343913
-0.341467
-0.339017
-0.336563
-0.334104
-0.331641
-0.329174
-0.326702
-0.324227
-0.321747
-0.319263
-0.316775
-0.314282
-0.311786
-0.309285
-0.306781
-0.304272
-0.301759
-0.299242
-0.296721
-0.294196
-0.291667
-0.289134
-0.286597
-0.284056
-0.281511
-0.278962
-0.276410
-0.273853
-0.271292
-0.268728
-0.266160
-0.263587
-0.261011
-0.258432
-0.255848
-0.253261
-0.250670
-0.248075
-0.245476
-0.242874
-0.240268
-0.237659
-0.235046
-0.232429
-0.229808
-0.227184
-0.224557
-0.221925
-0.219291
-0.216652
-0.214011
-0.211365
-0.208717
-0.206065
-0.203409
-0.200750
-0.198088
-0.195422
-0.192753
-0.190081
-0.187405
-0.184726
-0.182044
-0.179358
-0.176670
-0.173978
-0.171283
-0.168584
-0.165883
-0.163178
-0.160471
-0.157760
-0.155046
-0.152330
-0.149610
-0.146887
-0.144161
-0.141432
-0.138700
-0.135966
-0.133228
-0.130488
-0.127745
-0.124999
-0.122250
-0.119498
-0.116744
-0.113987
-0.111227
-0.108464
-0.105699
-0.102931
-0.100160
-0.097387
-0.094612
-0.091833
-0.089053
-0.086269
-0.083484
-0.080695
-0.077905
-0.075112
-0.072316
-0.069519
-0.066718
-0.063916
-0.061111
-0.058304
-0.055495
-0.052683
-0.049870
-0.047054
-0.044236
-0.041416
-0.038593
-0.035769
-0.032943
-0.030114
-0.027284
-0.024451
-0.021617
-0.018781
-0.015943
-0.013103
-0.010261
-0.007417
-0.004572
-0.001725
0.001124
0.003975
0.006827
0.009681
0.012537
0.015394
0.018253
0.021113
0.023975
0.026838
0.029703
0.032569
0.035437
0.038306
0.041177
0.044049
0.046922
0.049796
0.052672
0.055549
0.058427
0.061306
0.064186
0.067068
0.069950
0.072834
0.075719
0.078604
0.081491
0.084379
0.087267
0.090156
0.093047
0.095938
0.098830
0.101722
0.104616
0.107510
0.110405
0.113300
0.116196
0.119093
0.121990
0.124888
0.127786
0.130685
0.133584
0.136484
0.139384
0.142284
0.145185
0.148086
0.150987
0.153888
0.156790
0.159692
0.162594
0.165496
0.168398
0.171301
0.174203
0.177105
0.180008
0.182910
0.185812
0.188714
0.191616
0.194517
0.197419
0.200320
0.203221
0.206121
0.209021
0.211921
0.214821
0.217720
0.220618
0.223516
0.226413
0.229310
0.232207
0.235102
0.237997
0.240891
0.243785
0.246678
0.249570
0.252461
0.255351
0.258241
0.261129
0.264017
0.266903
0.269789
0.272673
0.275557
0.278439
0.281320
0.284200
0.287079
0.289956
0.292833
0.295707
0.298581
0.301453
0.304324
0.307193
0.310061
0.312927
0.315792
0.318655
0.321517
0.324377
0.327235
0.330092
0.332947
0.335800
0.338651
0.341500
0.344348
0.347193
0.350037
0.352879
0.355718
0.358556
0.361392
0.364225
0.367056
0.369886
0.372712
0.375537
0.378359
0.381180
0.383997
0.386813
0.389625
0.392436
0.395244
0.398049
0.400852
0.403653
0.406450
0.409245
0.412038
0.414827
0.417614
0.420398
0.423180
0.425958
0.428734
0.431506
0.434276
0.437043
0.439806
0.442567
0.445324
0.448079
0.450830
0.453578
0.456323
0.459064
0.461802
0.464537
0.467269
0.469997
0.472721
0.475443
0.478160
0.480874
0.483585
0.486292
0.488995
0.491695
0.494391
0.497083
0.499771
0.502456
0.505137
0.507813
0.510486
0.513155
0.515820
0.518481
0.521138
0.523791
0.526440
0.529084
0.531725
0.534361
0.536993
0.539620
0.542244
0.544863
0.547477
0.550087
0.552693
0.555294
0.557891
0.560483
0.563070
0.565653
0.568231
0.570805
0.573374
0.575938
0.578497
0.581051
0.583601
0.586145
0.588685
0.591220
0.593750
0.596274
0.598794
0.601308
0.603818
0.606322
0.608821
0.611315
0.613803
0.616287
0.618765
0.621237
0.623704
0.626166
0.628622
0.631073
0.633518
0.635958
0.638392
0.640820
0.643243
0.645660
0.648071
0.650477
0.652877
0.655271
0.657659
0.660041
0.662418
0.664788
0.667152
0.669511
0.671863
0.674209
0.676549
0.678883
0.681211
0.683533
0.685848
0.688157
0.690460
0.692756
0.695046
0.697330
0.699607
0.701878
0.704142
0.706400
0.708651
0.710896
0.713134
0.715365
0.717590
0.719808
0.722019
0.724223
0.726421
0.728612
0.730796
0.732973
0.735143
0.737306
0.739462
0.741611
0.743753
0.745889
0.748016
0.750137
0.752251
0.754357
0.756456
0.758548
0.760633
0.762710
0.764780
0.766843
0.768898
0.770946
0.772987
0.775019
0.777045
0.779063
0.781073
0.783075
0.785070
0.787058
0.789037
0.791009
0.792973
0.794930
0.796878
0.798819
0.800752
0.802677
0.804594
0.806504
0.808405
0.810298
0.812183
0.814061
0.815930
0.817791
0.819644
0.821488
0.823325
0.825153
0.826973
0.828785
0.830589
0.832384
0.834171
0.835949
0.837720
0.839481
0.841235
0.842979
0.844716
0.846444
0.848163
0.849874
0.851576
0.853269
0.854954
0.856630
0.858298
0.859957
0.861607
0.863248
0.864881
0.866505
0.868119
0.869725
0.871323
0.872911
0.874490
0.876061
0.877622
0.879174
0.880718
0.882252
0.883777
0.885294
0.886801
0.888299
0.889788
0.891267
0.892738
0.894199
0.895651
0.897094
0.898527
0.899951
0.901366
0.902771
0.904168
0.905554
0.906932
0.908299
0.909658
0.911007
0.912346
0.913676
0.914997
0.916308
0.917609
0.918901
0.920183
0.921456
0.922718
0.923972
0.925215
0.926449
0.927673
0.928888
0.930092
0.931287
0.932472
0.933647
0.934813
0.935969
0.937114
0.938250
0.939376
0.940492
0.941598
0.942695
0.943781
0.944857
0.945923
0.946980
0.948026
0.949062
0.950088
0.951104
0.952110
0.953106
0.954092
0.955068
0.956033
0.956989
0.957934
0.958869
0.959794
0.960708
0.961613
0.962507
0.963391
0.964264
0.965127
0.965980
0.966823
0.967655
0.968478
0.969289
0.970091
0.970882
0.971662
0.972432
0.973192
0.973941
0.974680
0.975409
0.976127
0.976835
0.977532
0.978218
0.978894
0.979560
0.980215
0.980860
0.981494
0.982117
0.982730
0.983333
0.983925
0.984506
0.985077
0.985637
0.986186
0.986725
0.987253
0.987771
0.988278
0.988774
0.989260
0.989735
0.990199
0.990653
0.991096
0.991528
0.991950
0.992361
0.992761
0.993150
0.993529
0.993897
0.994255
0.994601
0.994937
0.995262
0.995576
0.995880
0.996173
0.996455
0.996726
0.996987
0.997236
0.997475
0.997704
0.997921
0.998128
0.998323
0.998508
0.998683
0.998846
0.998998
0.999140
0.999271
0.999391
0.999501
0.999599
0.999687
0.999764
0.999830
0.999885
0.999930
0.999963
0.999986
0.999998
0.999999
0.999989
0.999969
0.999938
0.999895
0.999843
0.999779
0.999704
0.999619
0.999522
0.999415
0.999298
0.999169
0.999029
0.998879
0.998718
0.998546
0.998363
0.998170
0.997965
0.997750
0.997524
0.997288
0.997040
0.996782
0.996513
0.996233
0.995943
0.995641
0.995329
0.995006
0.994673
0.994329
0.993974
0.993608
0.993231
0.992844
0.992446
0.992037
0.991618
0.991188
0.990747
0.990296
0.989834
0.989361
0.988878
0.988383
0.987879
0.987363
0.986837
0.986301
0.985754
0.985196
0.984627
0.984048
0.983459
0.982858
0.982248
0.981626
0.980995
0.980352
0.979699
0.979036
0.978362
0.977677
0.976983
0.976277
0.975561
0.974835
0.974098
0.973351
0.972594
0.971826
0.971047
0.970258
0.969459
0.968650
0.967830
0.967000
0.966159
0.965308
0.964447
0.963576
0.962694
0.961802
0.960900
0.959987
0.959065
0.958132
0.957189
0.956236
0.955272
0.954299
0.953315
0.952321
0.951318
0.950304
0.949280
0.948245
0.947201
0.946147
0.945083
0.944009
0.942925
0.941831
0.940726
0.939612
0.938489
0.937355
0.936211
0.935058
0.933894
0.932721
0.931538
0.930345
0.929143
0.927930
0.926708
0.925476
0.924235
0.922984
0.921723
0.920452
0.919172
0.917882
0.916583
0.915274
0.913956
0.912628
0.911290
0.909943
0.908587
0.907221
0.905846
0.904461
0.903067
0.901663
0.900250
0.898828
0.897397
0.895956
0.894506
0.893047
0.891578
0.890101
0.888614
0.887118
0.885612
0.884098
0.882575
0.881042
0.879501
0.877950
0.876391
0.874822
0.873245
0.871658
0.870063
0.868459
0.866846
0.865224
0.863593
0.861954
0.860306
0.858649
0.856983
0.855309
0.853626
0.851934
0.850234
0.848525
0.846807
0.845081
0.843347
0.841604
0.839852
0.838092
0.836324
0.834547
0.832762
0.830968
0.829166
0.827356
0.825538
0.823711
0.821876
0.820033
0.818182
0.816323
0.814456
0.812580
0.810697
0.808805
0.806905
0.804998
0.803082
0.801159
0.799228
0.797289
0.795342
0.793387
0.791424
0.789454
0.787476
0.785490
0.783497
0.781496
0.779487
0.777471
0.775447
0.773416
0.771377
0.769331
0.767277
0.765216
0.763148
0.761072
0.758989
0.756899
0.754801
0.752696
0.750584
0.748465
0.746338
0.744205
0.742064
0.739916
0.737762
0.735600
0.733431
0.731256
0.729073
0.726884
0.724688
0.722485
0.720275
0.718058
0.715835
0.713605
0.711369
0.709125
0.706876
0.704619
0.702356
0.700087
0.697811
0.695529
0.693240
0.690945
0.688644
0.686336
0.684022
0.681702
0.679375
0.677042
0.674704
0.672359
0.670008
0.667650
0.665287
0.662918
0.660543
0.658162
0.655775
0.653383
0.650984
0.648580
0.646169
0.643754
0.641332
0.638905
0.636472
0.634033
0.631589
0.629140
0.626685
0.624224
0.621758
0.619287
0.616810
0.614328
0.611840
0.609348
0.606850
0.604347
0.601838
0.599325
0.596806
0.594283
0.591754
0.589220
0.586682
0.584138
0.581590
0.579036
0.576478
0.573915
0.571347
0.568775
0.566198
0.563616
0.561029
0.558438
0.555843
0.553242
0.550638
0.548028
0.545415
0.542797
0.540174
0.537548
0.534917
0.532281
0.529642
0.526998
0.524350
0.521698
0.519042
0.516382
0.513718
0.511050
0.508378
0.505702
0.503022
0.500338
0.497650
0.494959
0.492264
0.489565
0.486863
0.484156
0.481447
0.478733
0.476016
0.473296
0.470572
0.467845
0.465114
0.462380
0.459642
0.456901
0.454157
0.451410
0.448660
0.445906
0.443149
0.440389
0.437626
0.434860
0.432091
0.429319
0.426544
0.423766
0.420986
0.418202
0.415416
0.412627
0.409835
0.407040
0.404243
0.401443
0.398641
0.395836
0.393029
0.390219
0.387406
0.384592
0.381774
0.378955
0.376133
0.373309
0.370482
0.367654
0.364823
0.361990
0.359155
0.356317
0.353478
0.350637
0.347794
0.344948
0.342101
0.339252
0.336402
0.333549
0.330694
0.327838
0.324980
0.322121
0.319259
0.316397
0.313532
0.310666
0.307799
0.304930
0.302059
0.299187
0.296314
0.293439
0.290563
0.287686
0.284808
0.281928
0.279047
0.276165
0.273282
0.270398
0.267512
0.264626
0.261739
0.258850
0.255961
0.253071
0.250180
0.247288
0.244396
0.241502
0.238608
0.235713
0.232818
0.229922
0.227025
0.224127
0.221230
0.218331
0.215432
0.212533
0.209633
0.206733
0.203833
0.200932
0.198031
0.195130
0.192228
0.189326
0.186424
0.183522
0.180620
0.177718
0.174815
0.171913
0.169011
0.166109
0.163206
0.160304
0.157402
0.154501
0.151599
0.148698
0.145797
0.142896
0.139996
0.137096
0.134196
0.131297
0.128398
0.125499
0.122601
0.119704
0.116807
0.113911
0.111016
0.108121
0.105226
0.102333
0.099440
0.096548
0.093657
0.090766
0.087877
0.084988
0.082100
0.079213
0.076328
0.073443
0.070559
0.067676
0.064794
0.061914
0.059034
0.056156
0.053279
0.050403
0.047528
0.044655
0.041783
0.038912
0.036042
0.033174
0.030308
0.027443
0.024579
0.021717
0.018856
0.015997
0.013139
0.010283
0.007429
0.004576
0.001725
-0.001124
-0.003971
-0.006817
-0.009661
-0.012503
-0.015344
-0.018182
-0.021019
-0.023854
-0.026686
-0.029517
-0.032346
-0.035173
-0.037997
-0.040820
-0.043641
-0.046459
-0.049276
-0.052090
-0.054902
-0.057711
-0.060519
-0.063324
-0.066127
-0.068928
-0.071726
-0.074522
-0.077316
-0.080107
-0.082896
-0.085682
-0.088466
-0.091247
-0.094026
-0.096802
-0.099576
-0.102347
-0.105115
-0.107881
-0.110644
-0.113404
-0.116162
-0.118917
-0.121669
-0.124419
-0.127165
-0.129909
-0.132650
-0.135388
-0.138124
-0.140856
-0.143585
-0.146312
-0.149035
-0.151756
-0.154473
-0.157188
-0.159899
-0.162607
-0.165313
-0.168015
-0.170714
-0.173409
-0.176102
-0.178791
-0.181477
-0.184160
-0.186840
-0.189516
-0.192189
-0.194859
-0.197526
-0.200189
-0.202848
-0.205505
-0.208157
-0.210807
-0.213453
-0.216095
-0.218734
-0.221370
-0.224002
-0.226630
-0.229255
-0.231876
-0.234494
-0.237108
-0.239718
-0.242325
-0.244928
-0.247527
-0.250122
-0.252714
-0.255302
-0.257887
-0.260467
-0.263044
-0.265617
-0.268186
-0.270751
-0.273313
-0.275870
-0.278424
-0.280974
-0.283519
-0.286061
-0.288599
-0.291133
-0.293663
-0.296189
-0.298710
-0.301228
-0.303742
-0.306252
-0.308757
-0.311259
-0.313756
-0.316249
-0.318738
-0.321223
-0.323704
-0.326180
-0.328653
-0.331121
-0.333584
-0.336044
-0.338499
-0.340950
-0.343397
-0.345840
-0.348278
-0.350712
-0.353141
-0.355566
-0.357987
-0.360403
-0.362815
-0.365223
-0.367626
-0.370025
-0.372419
-0.374809
-0.377194
-0.379575
-0.381951
-0.384323
-0.386690
-0.389053
-0.391411
-0.393765
-0.396114
-0.398458
-0.400798
-0.403133
-0.405464
-0.407790
-0.410112
-0.412428
-0.414740
-0.417048
-0.419351
-0.421649
-0.423942
-0.426231
-0.428515
-0.430794
-0.433069
-0.435338
-0.437603
-0.439864
-0.442119
-0.444370
-0.446616
-0.448857
-0.451093
-0.453325
-0.455551
-0.457773
-0.459990
-0.462202
-0.464409
-0.466611
-0.468809
-0.471001
-0.473189
-0.475372
-0.477550
-0.479723
-0.481891
-0.484054
-0.486212
-0.488365
-0.490513
-0.492657
-0.494795
-0.496928
-0.499056
-0.501180
-0.503298
-0.505411
-0.507520
-0.509623
-0.511721
-0.513814
-0.515903
-0.517986
-0.520064
-0.522137
-0.524205
-0.526268
-0.528326
-0.530378
-0.532426
-0.534469
-0.536506
-0.538539
-0.540566
-0.542588
-0.544605
-0.546617
-0.548624
-0.550626
-0.552622
-0.554614
-0.556600
-0.558581
-0.560557
-0.562528
-0.564494
-0.566455
-0.568410
-0.570360
-0.572305
-0.574245
-0.576180
-0.578110
-0.580034
-0.581953
-0.583867
-0.585776
-0.587680
-0.589578
-0.591471
-0.593359
-0.595242
-0.597120
-0.598992
-0.600859
-0.602721
-0.604578
-0.606430
-0.608276
-0.610117
-0.611953
-0.613784
-0.615609
-0.617429
-0.619244
-0.621054
-0.622859
-0.624658
-0.626452
-0.628241
-0.630025
-0.631803
-0.633576
-0.635344
-0.637107
-0.638864
-0.640617
-0.642364
-0.644105
-0.645842
-0.647573
-0.649299
-0.651020
-0.652736
-0.654446
-0.656151
-0.657851
-0.659546
-0.661235
-0.662919
-0.664598
-0.666272
-0.667941
-0.669604
-0.671262
-0.672915
-0.674563
-0.676205
-0.677842
-0.679474
-0.681101
-0.682722
-0.684339
-0.685950
-0.687556
-0.689157
-0.690752
-0.692342
-0.693927
-0.695507
-0.697082
-0.698652
-0.700216
-0.701775
-0.703329
-0.704878
-0.706421
-0.707960
-0.709493
-0.711021
-0.712544
-0.714062
-0.715574
-0.717082
-0.718584
-0.720081
-0.721573
-0.723060
-0.724541
-0.726018
-0.727489
-0.728956
-0.730417
-0.731873
-0.733324
-0.734770
-0.736210
-0.737646
-0.739076
-0.740502
-0.741922
-0.743337
-0.744747
-0.746153
-0.747553
-0.748947
-0.750337
-0.751722
-0.753102
-0.754477
-0.755846
-0.757211
-0.758570
-0.759925
-0.761274
-0.762619
-0.763958
-0.765293
-0.766622
-0.767947
-0.769266
-0.770581
-0.771890
-0.773195
-0.774495
-0.775789
-0.777079
-0.778364
-0.779643
-0.780918
-0.782188
-0.783453
-0.784713
-0.785969
-0.787219
-0.788464
-0.789705
-0.790940
-0.792171
-0.793397
-0.794618
-0.795834
-0.797045
-0.798252
-0.799453
-0.800650
-0.801842
-0.803029
-0.804211
-0.805389
-0.806562
-0.807729
-0.808893
-0.810051
-0.811205
-0.812353
-0.813497
-0.814637
-0.815771
-0.816901
-0.818026
-0.819147
-0.820263
-0.821374
-0.822480
-0.823582
-0.824679
-0.825771
-0.826859
-0.827942
-0.829020
-0.830094
-0.831163
-0.832228
-0.833288
-0.834343
-0.835394
-0.836440
-0.837481
-0.838518
-0.839551
-0.840579
-0.841602
-0.842621
-0.843635
-0.844645
-0.845650
-0.846651
-0.847648
-0.848639
-0.849627
-0.850610
-0.851588
-0.852562
-0.853532
-0.854497
-0.855458
-0.856414
-0.857366
-0.858313
-0.859257
-0.860195
-0.861130
-0.862060
-0.862986
-0.863907
-0.864824
-0.865737
-0.866645
-0.867550
-0.868450
-0.869345
-0.870237
-0.871124
-0.872007
-0.872885
-0.873760
-0.874630
-0.875496
-0.876358
-0.877215
-0.878069
-0.878918
-0.879763
-0.880604
-0.881441
-0.882273
-0.883102
-0.883927
-0.884747
-0.885563
-0.886375
-0.887184
-0.887988
-0.888788
-0.889584
-0.890376
-0.891164
-0.891948
-0.892728
-0.893504
-0.894276
-0.895044
-0.895808
-0.896568
-0.897324
-0.898077
-0.898825
-0.899570
-0.900310
-0.901047
-0.901780
-0.902509
-0.903234
-0.903956
-0.904673
-0.905387
-0.906097
-0.906803
-0.907505
-0.908204
-0.908899
-0.909590
-0.910277
-0.910961
-0.911640
-0.912317
-0.912989
-0.913658
-0.914323
-0.914984
-0.915642
-0.916296
-0.916947
-0.917594
-0.918237
-0.918877
-0.919513
-0.920145
-0.920774
-0.921400
-0.922022
-0.922640
-0.923255
-0.923866
-0.924474
-0.925078
-0.925679
-0.926277
-0.926871
-0.927461
-0.928048
-0.928632
-0.929212
-0.929789
-0.930362
-0.930933
-0.931499
-0.932063
-0.932623
-0.933179
-0.933733
-0.934283
-0.934830
-0.935373
-0.935913
-0.936450
-0.936984
-0.937515
-0.938042
-0.938566
-0.939087
-0.939604
-0.940119
-0.940630
-0.941138
-0.941643
-0.942145
-0.942643
-0.943139
-0.943631
-0.944121
-0.944607
-0.945090
-0.945571
-0.946048
-0.946522
-0.946993
-0.947461
-0.947926
-0.948388
-0.948847
-0.949303
-0.949756
-0.950206
-0.950654
-0.951098
-0.951539
-0.951978
-0.952413
-0.952846
-0.953276
-0.953703
-0.954127
-0.954549
-0.954967
-0.955383
-0.955796
-0.956206
-0.956613
-0.957018
-0.957419
-0.957819
-0.958215
-0.958609
-0.958999
-0.959388
-0.959773
-0.960156
-0.960536
-0.960914
-0.961289
-0.961661
-0.962030
-0.962397
-0.962762
-0.963124
-0.963483
-0.963840
-0.964194
-0.964545
-0.964894
-0.965241
-0.965585
-0.965927
-0.966266
-0.966602
-0.966936
-0.967268
-0.967597
-0.967924
-0.968248
-0.968570
-0.968890
-0.969207
-0.969522
-0.969834
-0.970144
-0.970452
-0.970757
-0.971060
-0.971361
-0.971660
-0.971956
-0.972250
-0.972541
-0.972831
-0.973118
-0.973403
-0.973685
-0.973966
-0.974244
-0.974520
-0.974794
-0.975066
-0.975335
-0.975602
-0.975868
-0.976131
-0.976392
-0.976651
-0.976908
-0.977162
-0.977415
-0.977665
-0.977914
-0.978160
-0.978405
-0.978647
-0.978888
-0.979126
-0.979363
-0.979597
-0.979829
-0.980060
-0.980289
-0.980515
-0.980740
-0.980963
-0.981183
-0.981402
-0.981620
-0.981835
-0.982048
-0.982260
-0.982469
-0.982677
-0.982883
-0.983087
-0.983290
-0.983490
-0.983689
-0.983886
-0.984081
-0.984275
-0.984466
-0.984656
-0.984845
-0.985031
-0.985216
-0.985399
-0.985581
-0.985761
-0.985939
-0.986115
-0.986290
-0.986463
-0.986635
-0.986805
-0.986973
-0.987140
-0.987305
-0.987469
-0.987631
-0.987791
-0.987950
-0.988108
-0.988263
-0.988418
-0.988571
-0.988722
-0.988872
-0.989020
-0.989167
-0.989312
-0.989456
-0.989599
-0.989740
-0.989880
-0.990018
-0.990155
-0.990290
-0.990424
-0.990557
-0.990688
-0.990818
-0.990947
-0.991074
-0.991200
-0.991325
-0.991448
-0.991570
-0.991691
-0.991810
-0.991928
-0.992045
-0.992161
-0.992275
-0.992388
-0.992500
-0.992610
-0.992720
-0.992828
-0.992935
-0.993041
-0.993145
-0.993249
-0.993351
-0.993452
-0.993552
-0.993651
-0.993749
-0.993845
-0.993941
-0.994035
-0.994128
-0.994221
-0.994312
-0.994402
-0.994491
-0.994579
-0.994665
-0.994751
-0.994836
-0.994920
-0.995002
-0.995084
-0.995165
-0.995245
-0.995323
-0.995401
-0.995478
-0.995554
-0.995629
-0.995703
-0.995776
-0.995848
-0.995919
-0.995989
-0.996059
-0.996127
-0.996195
-0.996261
-0.996327
-0.996392
-0.996456
-0.996519
-0.996582
-0.996643
-0.996704
-0.996764
-0.996823
-0.996881
-0.996939
-0.996995
-0.997051
-0.997106
-0.997161
-0.997214
-0.997267
-0.997319
-0.997370
-0.997421
-0.997471
-0.997520
-0.997568
-0.997616
-0.997663
-0.997709
-0.997755
-0.997800
-0.997844
-0.997888
-0.997930
-0.997973
-0.998014
-0.998055
-0.998096
-0.998135
-0.998175
-0.998213
-0.998251
-0.998288
-0.998325
-0.998361
-0.998396
-0.998431
-0.998466
-0.998499
-0.998533
-0.998565
-0.998597
-0.998629
-0.998660
-0.998691
-0.998721
-0.998750
-0.998779
-0.998807
-0.998835
-0.998863
-0.998890
-0.998916
-0.998942
-0.998968
-0.998993
-0.999018
-0.999042
-0.999066
-0.999089
-0.999112
-0.999134
-0.999156
-0.999178
-0.999199
-0.999220
-0.999240
-0.999260
-0.999279
-0.999299
-0.999317
-0.999336
-0.999354
-0.999371
-0.999389
-0.999406
-0.999422
-0.999439
-0.999454
-0.999470
-0.999485
-0.999500
-0.999515
-0.999529
-0.999543
-0.999556
-0.999570
-0.999583
-0.999595
-0.999608
-0.999620
-0.999632
-0.999643
-0.999655
-0.999666
-0.999676
-0.999687
-0.999697
-0.999707
-0.999717
-0.999726
-0.999736
-0.999745
-0.999753
-0.999762
-0.999770
-0.999778
-0.999786
-0.999794
-0.999802
-0.999809
-0.999816
-0.999823
-0.999829
-0.999836
-0.999842
-0.999848
-0.999854
-0.999860
-0.999866
-0.999871
-0.999876
-0.999881
-0.999886
-0.999891
-0.999896
-0.999900
-0.999904
-0.999909
-0.999913
-0.999917
-0.999920
-0.999924
-0.999928
-0.999931
-0.999934
-0.999937
-0.999940
-0.999943
-0.999946
-0.999949
-0.999952
-0.999954
-0.999956
-0.999959
-0.999961
-0.999963
-0.999965
-0.999967
