-0.878524
-0.879371
-0.880214
-0.881052
-0.881887
-0.882717
-0.883544
-0.884366
-0.885184
-0.885998
-0.886808
-0.887614
-0.888416
-0.889214
-0.890008
-0.890798
-0.891584
-0.892366
-0.893144
-0.893917
-0.894687
-0.895453
-0.896215
-0.896973
-0.897728
-0.898478
-0.899224
-0.899967
-0.900705
-0.901440
-0.902171
-0.902898
-0.903621
-0.904340
-0.905056
-0.905767
-0.906475
-0.907179
-0.907880
-0.908576
-0.909269
-0.909958
-0.910643
-0.911325
-0.912003
-0.912677
-0.913347
-0.914014
-0.914677
-0.915337
-0.915993
-0.916645
-0.917294
-0.917939
-0.918580
-0.919218
-0.919852
-0.920483
-0.921110
-0.921733
-0.922353
-0.922970
-0.923583
-0.924192
-0.924798
-0.925400
-0.925999
-0.926595
-0.927187
-0.927776
-0.928361
-0.928943
-0.929521
-0.930096
-0.930668
-0.931236
-0.931801
-0.932363
-0.932921
-0.933476
-0.934028
-0.934576
-0.935121
-0.935663
-0.936201
-0.936736
-0.937268
-0.937797
-0.938323
-0.938845
-0.939364
-0.939880
-0.940393
-0.940902
-0.941409
-0.941912
-0.942412
-0.942909
-0.943403
-0.943894
-0.944381
-0.944866
-0.945348
-0.945826
-0.946302
-0.946774
-0.947244
-0.947710
-0.948173
-0.948634
-0.949091
-0.949546
-0.949997
-0.950446
-0.950892
-0.951334
-0.951774
-0.952211
-0.952645
-0.953077
-0.953505
-0.953930
-0.954353
-0.954773
-0.955190
-0.955604
-0.956015
-0.956424
-0.956830
-0.957233
-0.957633
-0.958031
-0.958426
-0.958818
-0.959208
-0.959594
-0.959978
-0.960360
-0.960739
-0.961115
-0.961488
-0.961859
-0.962227
-0.962593
-0.962956
-0.963316
-0.963674
-0.964030
-0.964382
-0.964733
-0.965080
-0.965425
-0.965768
-0.966108
-0.966446
-0.966781
-0.967114
-0.967444
-0.967772
-0.968098
-0.968421
-0.968742
-0.969060
-0.969376
-0.969689
-0.970000
-0.970309
-0.970616
-0.970920
-0.971222
-0.971521
-0.971818
-0.972113
-0.972406
-0.972696
-0.972985
-0.973270
-0.973554
-0.973836
-0.974115
-0.974392
-0.974667
-0.974940
-0.975210
-0.975478
-0.975745
-0.976009
-0.976271
-0.976531
-0.976788
-0.977044
-0.977298
-0.977549
-0.977799
-0.978046
-0.978292
-0.978535
-0.978776
-0.979016
-0.979253
-0.979488
-0.979722
-0.979953
-0.980183
-0.980410
-0.980636
-0.980859
-0.981081
-0.981301
-0.981519
-0.981735
-0.981949
-0.982162
-0.982372
-0.982581
-0.982787
-0.982993
-0.983196
-0.983397
-0.983597
-0.983795
-0.983991
-0.984185
-0.984377
-0.984568
-0.984757
-0.984945
-0.985130
-0.985314
-0.985497
-0.985677
-0.985856
-0.986033
-0.986209
-0.986383
-0.986555
-0.986726
-0.986895
-0.987063
-0.987229
-0.987393
-0.987556
-0.987717
-0.987876
-0.988035
-0.988191
-0.988346
-0.988500
-0.988652
-0.988802
-0.988951
-0.989099
-0.989245
-0.989390
-0.989533
-0.989675
-0.989815
-0.989954
-0.990091
-0.990227
-0.990362
-0.990496
-0.990627
-0.990758
-0.990887
-0.991015
-0.991142
-0.991267
-0.991391
-0.991513
-0.991635
-0.991755
-0.991873
-0.991991
-0.992107
-0.992222
-0.992336
-0.992448
-0.992559
-0.992669
-0.992778
-0.992885
-0.992992
-0.993097
-0.993201
-0.993304
-0.993405
-0.993506
-0.993605
-0.993704
-0.993801
-0.993897
-0.993991
-0.994085
-0.994178
-0.994270
-0.994360
-0.994449
-0.994538
-0.994625
-0.994711
-0.994797
-0.994881
-0.994964
-0.995046
-0.995128
-0.995208
-0.995287
-0.995365
-0.995442
-0.995519
-0.995594
-0.995668
-0.995742
-0.995814
-0.995886
-0.995957
-0.996026
-0.996095
-0.996163
-0.996230
-0.996297
-0.996362
-0.996426
-0.996490
-0.996553
-0.996615
-0.996676
-0.996736
-0.996795
-0.996854
-0.996912
-0.996969
-0.997025
-0.997081
-0.997135
-0.997189
-0.997242
-0.997295
-0.997346
-0.997397
-0.997448
-0.997497
-0.997546
-0.997594
-0.997641
-0.997688
-0.997734
-0.997779
-0.997823
-0.997867
-0.997911
-0.997953
-0.997995
-0.998036
-0.998077
-0.998117
-0.998156
-0.998195
-0.998233
-0.998271
-0.998308
-0.998344
-0.998380
-0.998415
-0.998450
-0.998484
-0.998517
-0.998550
-0.998583
-0.998614
-0.998646
-0.998676
-0.998707
-0.998736
-0.998766
-0.998794
-0.998823
-0.998850
-0.998877
-0.998904
-0.998930
-0.998956
-0.998981
-0.999006
-0.999031
-0.999055
-0.999078
-0.999101
-0.999124
-0.999146
-0.999168
-0.999189
-0.999210
-0.999231
-0.999251
-0.999270
-0.999290
-0.999309
-0.999327
-0.999345
-0.999363
-0.999381
-0.999398
-0.999415
-0.999431
-0.999447
-0.999463
-0.999478
-0.999493
-0.999508
-0.999522
-0.999536
-0.999550
-0.999564
-0.999577
-0.999590
-0.999602
-0.999614
-0.999626
-0.999638
-0.999649
-0.999661
-0.999671
-0.999682
-0.999692
-0.999703
-0.999712
-0.999722
-0.999731
-0.999741
-0.999749
-0.999758
-0.999767
-0.999775
-0.999783
-0.999790
-0.999798
-0.999805
-0.999813
-0.999820
-0.999826
-0.999833
-0.999839
-0.999845
-0.999851
-0.999857
-0.999863
-0.999869
-0.999874
-0.999879
-0.999884
-0.999889
-0.999894
-0.999898
-0.999903
-0.999907
-0.999911
-0.999915
-0.999919
-0.999922
-0.999926
-0.999929
-0.999933
-0.999936
-0.999939
-0.999942
-0.999945
-0.999948
-0.999950
-0.999953
-0.999955
-0.999958
-0.999960
-0.999962
-0.999964
-0.999966
-0.999968
-0.999970
-0.999972
-0.999973
-0.999975
-0.999977
-0.999978
-0.999979
-0.999981
-0.999982
-0.999983
-0.999984
-0.999985
-0.999986
-0.999987
-0.999988
-0.999989
-0.999990
-0.999991
-0.999991
-0.999992
-0.999993
-0.999993
-0.999994
-0.999994
-0.999995
-0.999995
-0.999996
-0.999996
-0.999997
-0.999997
-0.999997
-0.999997
-0.999998
-0.999998
-0.999998
-0.999998
-0.999999
-0.999999
-0.999999
-0.999999
-0.999999
-0.999999
-0.999999
-1.000000
-1.000000
-1.000000
-1.000000
-1.000000
-1.000000
-1.000000
-1.000000
-1.000000
-1.000000
-1.000000
-1.000000
-1.000000
-1.000000
-1.000000
-1.000000
-1.000000
-1.000000
-1.000000
-1.000000
-1.000000
-1.000000
-1.000000
-1.000000
-1.000000
-1.000000
-1.000000
-1.000000
-1.000000
-1.000000
-1.000000
-1.000000
-1.000000
-1.000000
-1.000000
-1.000000
-1.000000
-1.000000
-1.000000
-1.000000
-1.000000
-1.000000
-1.000000
-1.000000
-1.000000
-1.000000
-1.000000
-1.000000
-1.000000
-0.999999
-0.999999
-0.999999
-0.999999
-0.999999
-0.999999
-0.999999
-0.999998
-0.999998
-0.999998
-0.999998
-0.999998
-0.999997
-0.999997
-0.999997
-0.999996
-0.999996
-0.999995
-0.999995
-0.999994
-0.999994
-0.999993
-0.999993
-0.999992
-0.999991
-0.999991
-0.999990
-0.999989
-0.999988
-0.999987
-0.999987
-0.999985
-0.999984
-0.999983
-0.999982
-0.999981
-0.999980
-0.999978
-0.999977
-0.999975
-0.999974
-0.999972
-0.999970
-0.999968
-0.999967
-0.999965
-0.999962
-0.999960
-0.999958
-0.999956
-0.999953
-0.999951
-0.999948
-0.999945
-0.999942
-0.999940
-0.999936
-0.999933
-0.999930
-0.999926
-0.999923
-0.999919
-0.999915
-0.999911
-0.999907
-0.999903
-0.999899
-0.999894
-0.999890
-0.999885
-0.999880
-0.999875
-0.999869
-0.999864
-0.999858
-0.999852
-0.999846
-0.999840
-0.999834
-0.999827
-0.999821
-0.999814
-0.999806
-0.999799
-0.999792
-0.999784
-0.999776
-0.999768
-0.999759
-0.999751
-0.999742
-0.999733
-0.999723
-0.999714
-0.999704
-0.999694
-0.999684
-0.999673
-0.999662
-0.999651
-0.999640
-0.999628
-0.999616
-0.999604
-0.999591
-0.999579
-0.999565
-0.999552
-0.999538
-0.999524
-0.999510
-0.999495
-0.999480
-0.999465
-0.999449
-0.999433
-0.999417
-0.999400
-0.999383
-0.999366
-0.999348
-0.999330
-0.999311
-0.999292
-0.999273
-0.999253
-0.999233
-0.999213
-0.999192
-0.999171
-0.999149
-0.999127
-0.999104
-0.999081
-0.999058
-0.999034
-0.999010
-0.998985
-0.998960
-0.998934
-0.998908
-0.998881
-0.998854
-0.998826
-0.998798
-0.998770
-0.998741
-0.998711
-0.998681
-0.998650
-0.998619
-0.998587
-0.998555
-0.998522
-0.998489
-0.998455
-0.998420
-0.998385
-0.998349
-0.998313
-0.998276
-0.998239
-0.998201
-0.998162
-0.998123
-0.998083
-0.998042
-0.998001
-0.997959
-0.997917
-0.997874
-0.997830
-0.997785
-0.997740
-0.997694
-0.997648
-0.997600
-0.997553
-0.997504
-0.997455
-0.997405
-0.997354
-0.997302
-0.997250
-0.997197
-0.997143
-0.997088
-0.997033
-0.996977
-0.996920
-0.996862
-0.996804
-0.996744
-0.996684
-0.996623
-0.996561
-0.996499
-0.996435
-0.996371
-0.996306
-0.996240
-0.996173
-0.996105
-0.996036
-0.995967
-0.995896
-0.995825
-0.995752
-0.995679
-0.995605
-0.995529
-0.995453
-0.995376
-0.995298
-0.995219
-0.995139
-0.995058
-0.994976
-0.994893
-0.994809
-0.994724
-0.994637
-0.994550
-0.994462
-0.994373
-0.994282
-0.994191
-0.994098
-0.994005
-0.993910
-0.993814
-0.993717
-0.993619
-0.993520
-0.993420
-0.993318
-0.993215
-0.993112
-0.993007
-0.992900
-0.992793
-0.992684
-0.992575
-0.992464
-0.992351
-0.992238
-0.992123
-0.992007
-0.991890
-0.991771
-0.991652
-0.991531
-0.991408
-0.991284
-0.991159
-0.991033
-0.990905
-0.990776
-0.990646
-0.990514
-0.990381
-0.990247
-0.990111
-0.989973
-0.989835
-0.989694
-0.989553
-0.989410
-0.989265
-0.989120
-0.988972
-0.988823
-0.988673
-0.988521
-0.988368
-0.988213
-0.988057
-0.987899
-0.987739
-0.987578
-0.987416
-0.987252
-0.987086
-0.986919
-0.986750
-0.986579
-0.986407
-0.986234
-0.986058
-0.985881
-0.985702
-0.985522
-0.985340
-0.985156
-0.984971
-0.984784
-0.984595
-0.984404
-0.984212
-0.984018
-0.983822
-0.983625
-0.983425
-0.983224
-0.983021
-0.982816
-0.982610
-0.982401
-0.982191
-0.981979
-0.981765
-0.981549
-0.981332
-0.981112
-0.980891
-0.980667
-0.980442
-0.980215
-0.979985
-0.979754
-0.979521
-0.979286
-0.979049
-0.978810
-0.978569
-0.978326
-0.978081
-0.977834
-0.977584
-0.977333
-0.977080
-0.976825
-0.976567
-0.976307
-0.976046
-0.975782
-0.975516
-0.975248
-0.974978
-0.974705
-0.974431
-0.974154
-0.973875
-0.973594
-0.973311
-0.973025
-0.972737
-0.972447
-0.972155
-0.971860
-0.971563
-0.971264
-0.970962
-0.970659
-0.970352
-0.970044
-0.969733
-0.969420
-0.969104
-0.968786
-0.968466
-0.968143
-0.967818
-0.967491
-0.967161
-0.966828
-0.966493
-0.966156
-0.965816
-0.965474
-0.965129
-0.964782
-0.964432
-0.964079
-0.963724
-0.963367
-0.963007
-0.962644
-0.962279
-0.961911
-0.961540
-0.961167
-0.960792
-0.960413
-0.960032
-0.959648
-0.959262
-0.958873
-0.958481
-0.958087
-0.957690
-0.957290
-0.956887
-0.956481
-0.956073
-0.955662
-0.955248
-0.954832
-0.954412
-0.953990
-0.953565
-0.953137
-0.952706
-0.952273
-0.951836
-0.951397
-0.950954
-0.950509
-0.950061
-0.949610
-0.949155
-0.948698
-0.948238
-0.947775
-0.947309
-0.946840
-0.946368
-0.945893
-0.945415
-0.944934
-0.944450
-0.943963
-0.943472
-0.942979
-0.942482
-0.941982
-0.941480
-0.940974
-0.940465
-0.939952
-0.939437
-0.938918
-0.938396
-0.937871
-0.937343
-0.936811
-0.936277
-0.935739
-0.935197
-0.934653
-0.934105
-0.933554
-0.932999
-0.932442
-0.931880
-0.931316
-0.930748
-0.930177
-0.929602
-0.929024
-0.928443
-0.927858
-0.927270
-0.926679
-0.926083
-0.925485
-0.924883
-0.924277
-0.923668
-0.923056
-0.922440
-0.921821
-0.921198
-0.920571
-0.919941
-0.919307
-0.918670
-0.918029
-0.917384
-0.916736
-0.916085
-0.915429
-0.914770
-0.914108
-0.913441
-0.912771
-0.912098
-0.911420
-0.910739
-0.910055
-0.909366
-0.908674
-0.907978
-0.907278
-0.906574
-0.905867
-0.905156
-0.904441
-0.903722
-0.903000
-0.902273
-0.901543
-0.900809
-0.900071
-0.899329
-0.898583
-0.897833
-0.897080
-0.896322
-0.895561
-0.894795
-0.894026
-0.893253
-0.892475
-0.891694
-0.890909
-0.890120
-0.889326
-0.888529
-0.887728
-0.886922
-0.886113
-0.885299
-0.884481
-0.883660
-0.882834
-0.882004
-0.881170
-0.880332
-0.879489
-0.878643
-0.877792
-0.876938
-0.876079
-0.875216
-0.874348
-0.873477
-0.872601
-0.871721
-0.870837
-0.869948
-0.869055
-0.868158
-0.867257
-0.866351
-0.865442
-0.864527
-0.863609
-0.862686
-0.861759
-0.860827
-0.859892
-0.858951
-0.858007
-0.857058
-0.856104
-0.855147
-0.854184
-0.853218
-0.852247
-0.851271
-0.850291
-0.849307
-0.848318
-0.847325
-0.846327
-0.845325
-0.844318
-0.843307
-0.842291
-0.841271
-0.840246
-0.839217
-0.838183
-0.837144
-0.836101
-0.835054
-0.834001
-0.832945
-0.831883
-0.830817
-0.829747
-0.828671
-0.827591
-0.826507
-0.825418
-0.824324
-0.823225
-0.822122
-0.821014
-0.819902
-0.818784
-0.817662
-0.816536
-0.815404
-0.814268
-0.813127
-0.811982
-0.810831
-0.809676
-0.808516
-0.807351
-0.806182
-0.805008
-0.803829
-0.802645
-0.801456
-0.800263
-0.799064
-0.797861
-0.796653
-0.795440
-0.794223
-0.793000
-0.791773
-0.790540
-0.789303
-0.788061
-0.786814
-0.785562
-0.784305
-0.783044
-0.781777
-0.780506
-0.779229
-0.777948
-0.776661
-0.775370
-0.774074
-0.772773
-0.771467
-0.770155
-0.768839
-0.767518
-0.766192
-0.764861
-0.763525
-0.762184
-0.760838
-0.759486
-0.758130
-0.756769
-0.755403
-0.754031
-0.752655
-0.751274
-0.749887
-0.748496
-0.747099
-0.745698
-0.744291
-0.742879
-0.741462
-0.740040
-0.738613
-0.737181
-0.735744
-0.734302
-0.732854
-0.731402
-0.729944
-0.728481
-0.727013
-0.725540
-0.724062
-0.722578
-0.721090
-0.719596
-0.718098
-0.716594
-0.715085
-0.713570
-0.712051
-0.710526
-0.708997
-0.707462
-0.705922
-0.704376
-0.702826
-0.701270
-0.699709
-0.698143
-0.696572
-0.694996
-0.693414
-0.691827
-0.690235
-0.688638
-0.687036
-0.685428
-0.683815
-0.682197
-0.680574
-0.678946
-0.677312
-0.675673
-0.674029
-0.672380
-0.670725
-0.669065
-0.667400
-0.665730
-0.664055
-0.662374
-0.660688
-0.658997
-0.657301
-0.655599
-0.653892
-0.652180
-0.650463
-0.648740
-0.647013
-0.645280
-0.643541
-0.641798
-0.640049
-0.638295
-0.636536
-0.634772
-0.633002
-0.631227
-0.629447
-0.627662
-0.625871
-0.624075
-0.622274
-0.620468
-0.618657
-0.616840
-0.615018
-0.613191
-0.611359
-0.609521
-0.607678
-0.605830
-0.603977
-0.602118
-0.600255
-0.598386
-0.596512
-0.594632
-0.592748
-0.590858
-0.588963
-0.587063
-0.585158
-0.583247
-0.581332
-0.579411
-0.577485
-0.575553
-0.573617
-0.571675
-0.569729
-0.567777
-0.565820
-0.563857
-0.561890
-0.559918
-0.557940
-0.555957
-0.553969
-0.551976
-0.549978
-0.547974
-0.545966
-0.543952
-0.541933
-0.539909
-0.537880
-0.535846
-0.533807
-0.531763
-0.529714
-0.527659
-0.525600
-0.523535
-0.521466
-0.519391
-0.517311
-0.515226
-0.513137
-0.511042
-0.508942
-0.506837
-0.504727
-0.502612
-0.500492
-0.498367
-0.496237
-0.494102
-0.491962
-0.489817
-0.487668
-0.485513
-0.483353
-0.481188
-0.479019
-0.476844
-0.474665
-0.472481
-0.470291
-0.468097
-0.465898
-0.463694
-0.461485
-0.459272
-0.457053
-0.454830
-0.452602
-0.450369
-0.448131
-0.445888
-0.443641
-0.441389
-0.439132
-0.436870
-0.434603
-0.432332
-0.430056
-0.427775
-0.425490
-0.423199
-0.420904
-0.418605
-0.416300
-0.413992
-0.411678
-0.409360
-0.407037
-0.404709
-0.402377
-0.400040
-0.397699
-0.395353
-0.393002
-0.390647
-0.388287
-0.385923
-0.383554
-0.381181
-0.378803
-0.376421
-0.374034
-0.371643
-0.369247
-0.366847
-0.364443
-0.362034
-0.359620
-0.357203
-0.354781
-0.352354
-0.349923
-0.347488
-0.345048
-0.342605
-0.340156
-0.337704
-0.335247
-0.332786
-0.330321
-0.327852
-0.325378
-0.322900
-0.320418
-0.317932
-0.315441
-0.312947
-0.310448
-0.307945
-0.305439
-0.302928
-0.300413
-0.297893
-0.295370
-0.292843
-0.290312
-0.287777
-0.285238
-0.282695
-0.280148
-0.277597
-0.275042
-0.272483
-0.269920
-0.267354
-0.264783
-0.262209
-0.259631
-0.257049
-0.254464
-0.251875
-0.249282
-0.246685
-0.244084
-0.241480
-0.238872
-0.236261
-0.233645
-0.231027
-0.228404
-0.225778
-0.223149
-0.220516
-0.217879
-0.215239
-0.212595
-0.209948
-0.207298
-0.204644
-0.201987
-0.199326
-0.196662
-0.193994
-0.191323
-0.188649
-0.185972
-0.183291
-0.180607
-0.177920
-0.175229
-0.172536
-0.169839
-0.167139
-0.164436
-0.161730
-0.159021
-0.156308
-0.153593
-0.150874
-0.148153
-0.145428
-0.142701
-0.139971
-0.137237
-0.134501
-0.131762
-0.129020
-0.126275
-0.123528
-0.120777
-0.118024
-0.115268
-0.112510
-0.109749
-0.106985
-0.104218
-0.101449
-0.098677
-0.095902
-0.093125
-0.090346
-0.087564
-0.084779
-0.081992
-0.079202
-0.076410
-0.073616
-0.070819
-0.068020
-0.065219
-0.062415
-0.059609
-0.056801
-0.053990
-0.051178
-0.048363
-0.045546
-0.042727
-0.039905
-0.037082
-0.034257
-0.031429
-0.028600
-0.025768
-0.022935
-0.020100
-0.017262
-0.014423
-0.011582
-0.008739
-0.005895
-0.003049
-0.000200
0.002649
0.005501
0.008354
0.011209
0.014066
0.016924
0.019783
0.022644
0.025507
0.028371
0.031237
0.034104
0.036972
0.039842
0.042713
0.045586
0.048460
0.051335
0.054211
0.057089
0.059967
0.062847
0.065728
0.068610
0.071493
0.074378
0.077263
0.080149
0.083036
0.085924
0.088813
0.091703
0.094594
0.097485
0.100378
0.103271
0.106164
0.109059
0.111954
0.114850
0.117746
0.120643
0.123541
0.126439
0.129337
0.132236
0.135136
0.138036
0.140936
0.143836
0.146737
0.149638
0.152540
0.155441
0.158343
0.161245
0.164147
0.167049
0.169952
0.172854
0.175756
0.178658
0.181561
0.184463
0.187365
0.190267
0.193169
0.196070
0.198971
0.201872
0.204773
0.207673
0.210573
0.213473
0.216372
0.219271
0.222169
0.225067
0.227964
0.230860
0.233756
0.236652
0.239546
0.242440
0.245333
0.248226
0.251117
0.254008
0.256898
0.259787
0.262675
0.265562
0.268448
0.271333
0.274217
0.277099
0.279981
0.282862
0.285741
0.288619
0.291496
0.294371
0.297245
0.300118
0.302990
0.305860
0.308728
0.311595
0.314461
0.317325
0.320187
0.323048
0.325907
0.328764
0.331620
0.334474
0.337326
0.340176
0.343024
0.345871
0.348716
0.351558
0.354399
0.357237
0.360074
0.362908
0.365741
0.368571
0.371399
0.374224
0.377048
0.379869
0.382688
0.385504
0.388318
0.391130
0.393939
0.396746
0.399550
0.402351
0.405150
0.407947
0.410740
0.413531
0.416319
0.419105
0.421887
0.424667
0.427444
0.430218
0.432989
0.435757
0.438522
0.441284
0.444043
0.446799
0.449551
0.452301
0.455047
0.457790
0.460530
0.463266
0.465999
0.468729
0.471455
0.474178
0.476897
0.479613
0.482325
0.485034
0.487739
0.490440
0.493138
0.495832
0.498522
0.501208
0.503891
0.506570
0.509244
0.511915
0.514582
0.517245
0.519904
0.522558
0.525209
0.527856
0.530498
0.533136
0.535770
0.538400
0.541025
0.543646
0.546262
0.548875
0.551482
0.554086
0.556684
0.559279
0.561868
0.564453
0.567034
0.569609
0.572180
0.574746
0.577308
0.579865
0.582416
0.584963
0.587505
0.590042
0.592574
0.595101
0.597623
0.600140
0.602652
0.605159
0.607660
0.610156
0.612647
0.615133
0.617613
0.620088
0.622558
0.625022
0.627481
0.629934
0.632382
0.634824
0.637261
0.639692
0.642118
0.644537
0.646951
0.649360
0.651762
0.654159
0.656550
0.658935
0.661314
0.663687
0.666054
0.668415
0.670770
0.673119
0.675462
0.677799
0.680130
0.682454
0.684773
0.687085
0.689390
0.691690
0.693983
0.696269
0.698549
0.700823
0.703091
0.705351
0.707606
0.709853
0.712094
0.714329
0.716557
0.718778
0.720992
0.723200
0.725400
0.727594
0.729781
0.731962
0.734135
0.736301
0.738461
0.740613
0.742759
0.744897
0.747028
0.749152
0.751269
0.753379
0.755482
0.757577
0.759665
0.761746
0.763819
0.765885
0.767944
0.769995
0.772039
0.774075
0.776104
0.778126
0.780139
0.782145
0.784144
0.786135
0.788118
0.790094
0.792061
0.794021
0.795974
0.797918
0.799855
0.801783
0.803704
0.805617
0.807522
0.809419
0.811308
0.813189
0.815062
0.816927
0.818783
0.820632
0.822472
0.824304
0.826128
0.827944
0.829751
0.831550
0.833341
0.835124
0.836898
0.838663
0.840421
0.842169
0.843910
0.845642
0.847365
0.849080
0.850786
0.852483
0.854172
0.855852
0.857524
0.859187
0.860841
0.862486
0.864123
0.865751
0.867370
0.868980
0.870581
0.872174
0.873757
0.875332
0.876897
0.878454
0.880001
0.881540
0.883070
0.884590
0.886101
0.887604
0.889097
0.890581
0.892055
0.893521
0.894977
0.896424
0.897862
0.899290
0.900709
0.902119
0.903520
0.904911
0.906293
0.907665
0.909028
0.910381
0.911725
0.913059
0.914384
0.915700
0.917005
0.918302
0.919588
0.920865
0.922133
0.923390
0.924638
0.925877
0.927105
0.928324
0.929533
0.930733
0.931923
0.933102
0.934272
0.935433
0.936583
0.937723
0.938854
0.939975
0.941085
0.942186
0.943277
0.944358
0.945429
0.946490
0.947541
0.948582
0.949613
0.950633
0.951644
0.952645
0.953635
0.954615
0.955586
0.956546
0.957496
0.958435
0.959365
0.960284
0.961193
0.962092
0.962981
0.963859
0.964727
0.965585
0.966433
0.967270
0.968097
0.968913
0.969719
0.970515
0.971301
0.972076
0.972840
0.973594
0.974338
0.975072
0.975795
0.976507
0.977209
0.977900
0.978581
0.979252
0.979912
0.980562
0.981200
0.981829
0.982447
0.983054
0.983651
0.984237
0.984813
0.985378
0.985932
0.986476
0.987009
0.987532
0.988044
0.988545
0.989035
0.989515
0.989985
0.990443
0.990891
0.991329
0.991755
0.992171
0.992576
0.992971
0.993354
0.993727
0.994090
0.994441
0.994782
0.995112
0.995432
0.995740
0.996038
0.996325
0.996601
0.996867
0.997122
0.997366
0.997599
0.997821
0.998033
0.998234
0.998424
0.998603
0.998771
0.998929
0.999076
0.999212
0.999337
0.999451
0.999555
0.999648
0.999729
0.999801
0.999861
0.999910
0.999949
0.999977
0.999994
1.000000
0.999995
0.999980
0.999954
0.999916
0.999868
0.999810
0.999740
0.999660
0.999569
0.999466
0.999354
0.999230
0.999095
0.998950
0.998794
0.998627
0.998450
0.998261
0.998062
0.997852
0.997631
0.997399
0.997157
0.996903
0.996639
0.996365
0.996079
0.995783
0.995476
0.995158
0.994829
0.994490
0.994140
0.993779
0.993408
0.993025
0.992632
0.992229
0.991814
0.991389
0.990953
0.990507
0.990050
0.989582
0.989104
0.988614
0.988115
0.987604
0.987083
0.986552
0.986009
0.985456
0.984893
0.984319
0.983734
0.983139
0.982533
0.981916
0.981290
0.980652
0.980004
0.979345
0.978676
0.977997
0.977307
0.976606
0.975895
0.975174
0.974442
0.973700
0.972947
0.972184
0.971410
0.970626
0.969832
0.969027
0.968212
0.967387
0.966551
0.965705
0.964849
0.963982
0.963105
0.962218
0.961321
0.960413
0.959495
0.958567
0.957629
0.956680
0.955721
0.954753
0.953774
0.952785
0.951785
0.950776
0.949757
0.948727
0.947688
0.946638
0.945579
0.944509
0.943430
0.942340
0.941241
0.940132
0.939012
0.937883
0.936744
0.935595
0.934436
0.933268
0.932089
0.930901
0.929703
0.928495
0.927277
0.926050
0.924813
0.923566
0.922310
0.921044
0.919768
0.918483
0.917188
0.915884
0.914570
0.913246
0.911913
0.910571
0.909219
0.907857
0.906486
0.905106
0.903716
0.902317
0.900908
0.899491
0.898063
0.896627
0.895181
0.893726
0.892262
0.890789
0.889306
0.887814
0.886313
0.884803
0.883284
0.881756
0.880218
0.878672
0.877117
0.875553
0.873979
0.872397
0.870806
0.869206
0.867597
0.865979
0.864353
0.862717
0.861073
0.859420
0.857758
0.856088
0.854409
0.852721
0.851025
0.849320
0.847607
0.845885
0.844154
0.842415
0.840667
0.838911
0.837147
0.835374
0.833593
0.831803
0.830005
0.828199
0.826384
0.824561
0.822730
0.820891
0.819044
0.817188
0.815325
0.813453
0.811573
0.809685
0.807789
0.805886
0.803974
0.802054
0.800127
0.798191
0.796248
0.794297
0.792338
0.790371
0.788396
0.786414
0.784425
0.782427
0.780422
0.778409
0.776389
0.774361
0.772326
0.770283
0.768233
0.766175
0.764110
0.762038
0.759958
0.757871
0.755777
0.753675
0.751567
0.749451
0.747327
0.745197
0.743060
0.740915
0.738764
0.736606
0.734440
0.732268
0.730089
0.727902
0.725709
0.723510
0.721303
0.719090
0.716869
0.714643
0.712409
0.710169
0.707922
0.705669
0.703409
0.701143
0.698870
0.696590
0.694305
0.692013
0.689714
0.687409
0.685098
0.682781
0.680457
0.678127
0.675791
0.673449
0.671101
0.668747
0.666387
0.664020
0.661648
0.659270
0.656886
0.654496
0.652100
0.649698
0.647290
0.644877
0.642458
0.640034
0.637603
0.635168
0.632726
0.630279
0.627827
0.625369
0.622905
0.620436
0.617962
0.615482
0.612997
0.610507
0.608012
0.605511
0.603005
0.600494
0.597978
0.595456
0.592930
0.590399
0.587862
0.585321
0.582775
0.580224
0.577668
0.575107
0.572542
0.569971
0.567396
0.564817
0.562232
0.559643
0.557050
0.554452
0.551849
0.549242
0.546630
0.544014
0.541394
0.538769
0.536140
0.533507
0.530869
0.528228
0.525582
0.522932
0.520277
0.517619
0.514957
0.512291
0.509620
0.506946
0.504268
0.501586
0.498900
0.496211
0.493517
0.490820
0.488119
0.485415
0.482707
0.479995
0.477280
0.474561
0.471839
0.469113
0.466384
0.463651
0.460915
0.458176
0.455433
0.452687
0.449938
0.447186
0.444431
0.441672
0.438911
0.436146
0.433379
0.430608
0.427834
0.425058
0.422279
0.419496
0.416711
0.413924
0.411133
0.408340
0.405544
0.402745
0.399944
0.397140
0.394334
0.391525
0.388714
0.385900
0.383084
0.380266
0.377445
0.374622
0.371796
0.368969
0.366139
0.363307
0.360473
0.357637
0.354798
0.351958
0.349116
0.346271
0.343425
0.340577
0.337727
0.334875
0.332021
0.329166
0.326309
0.323450
0.320590
0.317727
0.314864
0.311998
0.309132
0.306263
0.303394
0.300522
0.297650
0.294776
0.291900
0.289024
0.286146
0.283267
0.280386
0.277505
0.274622
0.271738
0.268854
0.265968
0.263081
0.260193
0.257304
0.254414
0.251524
0.248632
0.245740
0.242847
0.239953
0.237059
0.234164
0.231268
0.228371
0.225474
0.222577
0.219679
0.216780
0.213881
0.210981
0.208081
0.205181
0.202280
0.199379
0.196478
0.193577
0.190675
0.187773
0.184871
0.181969
0.179067
0.176165
0.173262
0.170360
0.167458
0.164555
0.161653
0.158751
0.155849
0.152948
0.150046
0.147145
0.144244
0.141344
0.138444
0.135544
0.132644
0.129745
0.126846
0.123948
0.121051
0.118154
0.115257
0.112361
0.109466
0.106572
0.103678
0.100785
0.097892
0.095001
0.092110
0.089220
0.086331
0.083442
0.080555
0.077669
0.074783
0.071899
0.069016
0.066134
0.063252
0.060372
0.057494
0.054616
0.051739
0.048864
0.045990
0.043118
0.040246
0.037376
0.034507
0.031640
0.028774
0.025910
0.023047
0.020186
0.017326
0.014468
0.011611
0.008756
0.005902
0.003051
0.000200
-0.002648
-0.005495
-0.008339
-0.011182
-0.014024
-0.016863
-0.019701
-0.022536
-0.025370
-0.028202
-0.031031
-0.033859
-0.036685
-0.039508
-0.042330
-0.045149
-0.047967
-0.050782
-0.053595
-0.056406
-0.059214
-0.062020
-0.064825
-0.067626
-0.070426
-0.073223
-0.076017
-0.078810
-0.081600
-0.084387
-0.087172
-0.089954
-0.092734
-0.095512
-0.098287
-0.101059
-0.103828
-0.106595
-0.109360
-0.112122
-0.114881
-0.117637
-0.120390
-0.123141
-0.125889
-0.128634
-0.131377
-0.134116
-0.136853
-0.139586
-0.142317
-0.145045
-0.147770
-0.150492
-0.153210
-0.155926
-0.158639
-0.161349
-0.164055
-0.166759
-0.169459
-0.172157
-0.174851
-0.177542
-0.180229
-0.182914
-0.185595
-0.188273
-0.190947
-0.193619
-0.196287
-0.198951
-0.201612
-0.204270
-0.206925
-0.209576
-0.212223
-0.214867
-0.217508
-0.220145
-0.222779
-0.225409
-0.228035
-0.230658
-0.233277
-0.235893
-0.238505
-0.241113
-0.243718
-0.246319
-0.248916
-0.251510
-0.254100
-0.256686
-0.259268
-0.261847
-0.264422
-0.266992
-0.269559
-0.272123
-0.274682
-0.277237
-0.279789
-0.282337
-0.284880
-0.287420
-0.289956
-0.292487
-0.295015
-0.297539
-0.300058
-0.302574
-0.305086
-0.307593
-0.310096
-0.312596
-0.315091
-0.317582
-0.320069
-0.322551
-0.325030
-0.327504
-0.329974
-0.332440
-0.334901
-0.337359
-0.339812
-0.342260
-0.344705
-0.347145
-0.349581
-0.352012
-0.354439
-0.356862
-0.359281
-0.361695
-0.364104
-0.366509
-0.368910
-0.371306
-0.373698
-0.376086
-0.378469
-0.380847
-0.383221
-0.385590
-0.387955
-0.390315
-0.392671
-0.395022
-0.397369
-0.399711
-0.402048
-0.404381
-0.406709
-0.409033
-0.411352
-0.413666
-0.415976
-0.418281
-0.420581
-0.422877
-0.425168
-0.427454
-0.429735
-0.432012
-0.434284
-0.436551
-0.438814
-0.441071
-0.443324
-0.445572
-0.447816
-0.450054
-0.452288
-0.454517
-0.456741
-0.458960
-0.461174
-0.463384
-0.465588
-0.467788
-0.469983
-0.472173
-0.474358
-0.476538
-0.478713
-0.480884
-0.483049
-0.485209
-0.487365
-0.489515
-0.491661
-0.493802
-0.495937
-0.498068
-0.500193
-0.502314
-0.504430
-0.506540
-0.508646
-0.510747
-0.512842
-0.514933
-0.517018
-0.519099
-0.521174
-0.523244
-0.525310
-0.527370
-0.529425
-0.531475
-0.533520
-0.535560
-0.537595
-0.539624
-0.541649
-0.543668
-0.545683
-0.547692
-0.549696
-0.551695
-0.553689
-0.555678
-0.557661
-0.559640
-0.561613
-0.563581
-0.565544
-0.567502
-0.569454
-0.571402
-0.573344
-0.575281
-0.577213
-0.579140
-0.581062
-0.582978
-0.584889
-0.586795
-0.588696
-0.590592
-0.592482
-0.594368
-0.596248
-0.598122
-0.599992
-0.601856
-0.603716
-0.605570
-0.607418
-0.609262
-0.611100
-0.612933
-0.614761
-0.616584
-0.618401
-0.620214
-0.622021
-0.623822
-0.625619
-0.627410
-0.629196
-0.630977
-0.632753
-0.634523
-0.636288
-0.638048
-0.639803
-0.641552
-0.643296
-0.645035
-0.646769
-0.648498
-0.650221
-0.651939
-0.653652
-0.655359
-0.657062
-0.658759
-0.660451
-0.662137
-0.663819
-0.665495
-0.667166
-0.668832
-0.670492
-0.672147
-0.673797
-0.675442
-0.677082
-0.678716
-0.680345
-0.681969
-0.683588
-0.685202
-0.686810
-0.688413
-0.690011
-0.691604
-0.693191
-0.694774
-0.696351
-0.697923
-0.699489
-0.701051
-0.702607
-0.704158
-0.705704
-0.707245
-0.708781
-0.710311
-0.711837
-0.713357
-0.714872
-0.716382
-0.717886
-0.719386
-0.720880
-0.722369
-0.723853
-0.725332
-0.726806
-0.728275
-0.729738
-0.731197
-0.732650
-0.734098
-0.735541
-0.736979
-0.738412
-0.739840
-0.741263
-0.742680
-0.744093
-0.745500
-0.746902
-0.748300
-0.749692
-0.751079
-0.752461
-0.753838
-0.755210
-0.756577
-0.757939
-0.759296
-0.760648
-0.761995
-0.763336
-0.764673
-0.766005
-0.767332
-0.768654
-0.769970
-0.771282
-0.772589
-0.773891
-0.775188
-0.776480
-0.777767
-0.779049
-0.780326
-0.781599
-0.782866
-0.784128
-0.785386
-0.786638
-0.787886
-0.789129
-0.790367
-0.791599
-0.792828
-0.794051
-0.795269
-0.796483
-0.797691
-0.798895
-0.800094
-0.801288
-0.802478
-0.803662
-0.804842
-0.806017
-0.807187
-0.808353
-0.809513
-0.810669
-0.811820
-0.812966
-0.814108
-0.815245
-0.816377
-0.817504
-0.818627
-0.819745
-0.820858
-0.821966
-0.823070
-0.824169
-0.825264
-0.826354
-0.827439
-0.828520
-0.829596
-0.830667
-0.831733
-0.832796
-0.833853
-0.834906
-0.835954
-0.836998
-0.838037
-0.839072
-0.840102
-0.841127
-0.842148
-0.843164
-0.844176
-0.845184
-0.846187
-0.847185
-0.848179
-0.849168
-0.850153
-0.851134
-0.852110
-0.853082
-0.854049
-0.855012
-0.855970
-0.856924
-0.857873
-0.858819
-0.859759
-0.860696
-0.861628
-0.862556
-0.863479
-0.864398
-0.865313
-0.866224
-0.867130
-0.868032
-0.868929
-0.869823
-0.870712
-0.871597
-0.872477
-0.873354
-0.874226
-0.875094
-0.875957
-0.876817
-0.877672
-0.878524
-0.879371
-0.880214
-0.881052
-0.881887
-0.882717
-0.883544
-0.884366
-0.885184
-0.885998
-0.886808
-0.887614
-0.888416
-0.889214
-0.890008
-0.890798
-0.891584
-0.892366
-0.893144
-0.893917
-0.894687
-0.895453
-0.896215
-0.896973
-0.897728
-0.898478
-0.899224
-0.899967
-0.900705
-0.901440
-0.902171
-0.902898
-0.903621
-0.904340
-0.905056
-0.905767
-0.906475
-0.907179
-0.907880
-0.908576
-0.909269
-0.909958
-0.910643
-0.911325
-0.912003
-0.912677
-0.913347
-0.914014
-0.914677
-0.915337
-0.915993
-0.916645
-0.917294
-0.917939
-0.918580
-0.919218
-0.919852
-0.920483
-0.921110
-0.921733
-0.922353
-0.922970
-0.923583
-0.924192
-0.924798
-0.925400
-0.925999
-0.926595
-0.927187
-0.927776
-0.928361
-0.928943
-0.929521
-0.930096
-0.930668
-0.931236
-0.931801
-0.932363
-0.932921
-0.933476
-0.934028
-0.934576
-0.935121
-0.935663
-0.936201
-0.936736
-0.937268
-0.937797
-0.938323
-0.938845
-0.939364
-0.939880
-0.940393
-0.940902
-0.941409
-0.941912
-0.942412
-0.942909
-0.943403
-0.943894
-0.944381
-0.944866
-0.945348
-0.945826
-0.946302
-0.946774
-0.947244
-0.947710
-0.948173
-0.948634
-0.949091
-0.949546
-0.949997
-0.950446
-0.950892
-0.951334
-0.951774
-0.952211
-0.952645
-0.953077
-0.953505
-0.953930
-0.954353
-0.954773
-0.955190
-0.955604
-0.956015
-0.956424
-0.956830
-0.957233
-0.957633
-0.958031
-0.958426
-0.958818
-0.959208
-0.959594
-0.959978
-0.960360
-0.960739
-0.961115
-0.961488
-0.961859
-0.962227
-0.962593
-0.962956
-0.963316
-0.963674
-0.964030
-0.964382
-0.964733
-0.965080
-0.965425
-0.965768
-0.966108
-0.966446
-0.966781
-0.967114
-0.967444
-0.967772
-0.968098
-0.968421
-0.968742
-0.969060
-0.969376
-0.969689
-0.970000
-0.970309
-0.970616
-0.970920
-0.971222
-0.971521
-0.971818
-0.972113
-0.972406
-0.972696
-0.972985
-0.973270
-0.973554
-0.973836
-0.974115
-0.974392
-0.974667
-0.974940
-0.975210
-0.975478
-0.975745
-0.976009
-0.976271
-0.976531
-0.976788
-0.977044
-0.977298
-0.977549
-0.977799
-0.978046
-0.978292
-0.978535
-0.978776
-0.979016
-0.979253
-0.979488
-0.979722
-0.979953
-0.980183
-0.980410
-0.980636
-0.980859
-0.981081
-0.981301
-0.981519
-0.981735
-0.981949
-0.982162
-0.982372
-0.982581
-0.982787
-0.982993
-0.983196
-0.983397
-0.983597
-0.983795
-0.983991
-0.984185
-0.984377
-0.984568
-0.984757
-0.984945
-0.985130
-0.985314
-0.985497
-0.985677
-0.985856
-0.986033
-0.986209
-0.986383
-0.986555
-0.986726
-0.986895
-0.987063
-0.987229
-0.987393
-0.987556
-0.987717
-0.987876
-0.988035
-0.988191
-0.988346
-0.988500
-0.988652
-0.988802
-0.988951
-0.989099
-0.989245
-0.989390
-0.989533
-0.989675
-0.989815
-0.989954
-0.990091
-0.990227
-0.990362
-0.990496
-0.990627
-0.990758
-0.990887
-0.991015
-0.991142
-0.991267
-0.991391
-0.991513
-0.991635
-0.991755
-0.991873
-0.991991
-0.992107
-0.992222
-0.992336
-0.992448
-0.992559
-0.992669
-0.992778
-0.992885
-0.992992
-0.993097
-0.993201
-0.993304
-0.993405
-0.993506
-0.993605
-0.993704
-0.993801
-0.993897
-0.993991
-0.994085
-0.994178
-0.994270
-0.994360
-0.994449
-0.994538
-0.994625
-0.994711
-0.994797
-0.994881
-0.994964
-0.995046
-0.995128
-0.995208
-0.995287
-0.995365
-0.995442
-0.995519
-0.995594
-0.995668
-0.995742
-0.995814
-0.995886
-0.995957
-0.996026
-0.996095
-0.996163
-0.996230
-0.996297
-0.996362
-0.996426
-0.996490
-0.996553
-0.996615
-0.996676
-0.996736
-0.996795
-0.996854
-0.996912
-0.996969
-0.997025
-0.997081
-0.997135
-0.997189
-0.997242
-0.997295
-0.997346
-0.997397
-0.997448
-0.997497
-0.997546
-0.997594
-0.997641
-0.997688
-0.997734
-0.997779
-0.997823
-0.997867
-0.997911
-0.997953
-0.997995
-0.998036
-0.998077
-0.998117
-0.998156
-0.998195
-0.998233
-0.998271
-0.998308
-0.998344
-0.998380
-0.998415
-0.998450
-0.998484
-0.998517
-0.998550
-0.998583
-0.998614
-0.998646
-0.998676
-0.998707
-0.998736
-0.998766
-0.998794
-0.998823
-0.998850
-0.998877
-0.998904
-0.998930
-0.998956
-0.998981
-0.999006
-0.999031
-0.999055
-0.999078
-0.999101
-0.999124
-0.999146
-0.999168
-0.999189
-0.999210
-0.999231
-0.999251
-0.999270
-0.999290
-0.999309
-0.999327
-0.999345
-0.999363
-0.999381
-0.999398
-0.999415
-0.999431
-0.999447
-0.999463
-0.999478
-0.999493
-0.999508
-0.999522
-0.999536
-0.999550
-0.999564
-0.999577
-0.999590
-0.999602
-0.999614
-0.999626
-0.999638
-0.999649
-0.999661
-0.999671
-0.999682
-0.999692
-0.999703
-0.999712
-0.999722
-0.999731
-0.999741
-0.999749
-0.999758
-0.999767
-0.999775
-0.999783
-0.999790
-0.999798
-0.999805
-0.999813
-0.999820
-0.999826
-0.999833
-0.999839
-0.999845
-0.999851
-0.999857
-0.999863
-0.999869
-0.999874
-0.999879
-0.999884
-0.999889
-0.999894
-0.999898
-0.999903
-0.999907
-0.999911
-0.999915
-0.999919
-0.999922
-0.999926
-0.999929
-0.999933
-0.999936
-0.999939
-0.999942
-0.999945
-0.999948
-0.999950
-0.999953
-0.999955
-0.999958
-0.999960
-0.999962
-0.999964
-0.999966
-0.999968
-0.999970
-0.999972
-0.999973
-0.999975
-0.999977
-0.999978
-0.999979
-0.999981
-0.999982
-0.999983
-0.999984
-0.999985
-0.999986
-0.999987
-0.999988
-0.999989
-0.999990
-0.999991
-0.999991
-0.999992
-0.999993
-0.999993
-0.999994
-0.999994
-0.999995
-0.999995
-0.999996
-0.999996
-0.999997
-0.999997
-0.999997
-0.999997
-0.999998
-0.999998
-0.999998
-0.999998
-0.999999
-0.999999
-0.999999
-0.999999
-0.999999
-0.999999
-0.999999
-1.000000
-1.000000
-1.000000
-1.000000
-1.000000
-1.000000
-1.000000
-1.000000
-1.000000
-1.000000
-1.000000
-1.000000
-1.000000
-1.000000
-1.000000
-1.000000
-1.000000
-1.000000
-1.000000
-1.000000
-1.000000
-1.000000
-1.000000
-1.000000
-1.000000
-1.000000
-1.000000
-1.000000
-1.000000
-1.000000
-1.000000
-1.000000
-1.000000
-1.000000
-1.000000
-1.000000
-1.000000
-1.000000
-1.000000
-1.000000
-1.000000
-1.000000
-1.000000
-1.000000
-1.000000
-1.000000
-1.000000
-1.000000
-1.000000
-0.999999
-0.999999
-0.999999
-0.999999
-0.999999
-0.999999
-0.999999
-0.999998
-0.999998
-0.999998
-0.999998
-0.999998
-0.999997
-0.999997
-0.999997
-0.999996
-0.999996
-0.999995
-0.999995
-0.999994
-0.999994
-0.999993
-0.999993
-0.999992
-0.999991
-0.999991
-0.999990
-0.999989
-0.999988
-0.999987
-0.999987
-0.999985
-0.999984
-0.999983
-0.999982
-0.999981
-0.999980
-0.999978
-0.999977
-0.999975
-0.999974
-0.999972
-0.999970
-0.999968
-0.999967
-0.999965
-0.999962
-0.999960
-0.999958
-0.999956
-0.999953
-0.999951
-0.999948
-0.999945
-0.999942
-0.999940
-0.999936
-0.999933
-0.999930
-0.999926
-0.999923
-0.999919
-0.999915
-0.999911
-0.999907
-0.999903
-0.999899
-0.999894
-0.999890
-0.999885
-0.999880
-0.999875
-0.999869
-0.999864
-0.999858
-0.999852
-0.999846
-0.999840
-0.999834
-0.999827
-0.999821
-0.999814
-0.999806
-0.999799
-0.999792
-0.999784
-0.999776
-0.999768
-0.999759
-0.999751
-0.999742
-0.999733
-0.999723
-0.999714
-0.999704
-0.999694
-0.999684
-0.999673
-0.999662
-0.999651
-0.999640
-0.999628
-0.999616
-0.999604
-0.999591
-0.999579
-0.999565
-0.999552
-0.999538
-0.999524
-0.999510
-0.999495
-0.999480
-0.999465
-0.999449
-0.999433
-0.999417
-0.999400
-0.999383
-0.999366
-0.999348
-0.999330
-0.999311
-0.999292
-0.999273
-0.999253
-0.999233
-0.999213
-0.999192
-0.999171
-0.999149
-0.999127
-0.999104
-0.999081
-0.999058
-0.999034
-0.999010
-0.998985
-0.998960
-0.998934
-0.998908
-0.998881
-0.998854
-0.998826
-0.998798
-0.998770
-0.998741
-0.998711
-0.998681
-0.998650
-0.998619
-0.998587
-0.998555
-0.998522
-0.998489
-0.998455
-0.998420
-0.998385
-0.998349
-0.998313
-0.998276
-0.998239
-0.998201
-0.998162
-0.998123
-0.998083
-0.998042
-0.998001
-0.997959
-0.997917
-0.997874
-0.997830
-0.997785
-0.997740
-0.997694
-0.997648
-0.997600
-0.997553
-0.997504
-0.997455
-0.997405
-0.997354
-0.997302
-0.997250
-0.997197
-0.997143
-0.997088
-0.997033
-0.996977
-0.996920
-0.996862
-0.996804
-0.996744
-0.996684
-0.996623
-0.996561
-0.996499
-0.996435
-0.996371
-0.996306
-0.996240
-0.996173
-0.996105
-0.996036
-0.995967
-0.995896
-0.995825
-0.995752
-0.995679
-0.995605
-0.995529
-0.995453
-0.995376
-0.995298
-0.995219
-0.995139
-0.995058
-0.994976
-0.994893
-0.994809
-0.994724
-0.994637
-0.994550
-0.994462
-0.994373
-0.994282
-0.994191
-0.994098
-0.994005
-0.993910
-0.993814
-0.993717
-0.993619
-0.993520
-0.993420
-0.993318
-0.993215
-0.993112
-0.993007
-0.992900
-0.992793
-0.992684
-0.992575
-0.992464
-0.992351
-0.992238
-0.992123
-0.992007
-0.991890
-0.991771
-0.991652
-0.991531
-0.991408
-0.991284
-0.991159
-0.991033
-0.990905
-0.990776
-0.990646
-0.990514
-0.990381
-0.990247
-0.990111
-0.989973
-0.989835
-0.989694
-0.989553
-0.989410
-0.989265
-0.989120
-0.988972
-0.988823
-0.988673
-0.988521
-0.988368
-0.988213
-0.988057
-0.987899
-0.987739
-0.987578
-0.987416
-0.987252
-0.987086
-0.986919
-0.986750
-0.986579
-0.986407
-0.986234
-0.986058
-0.985881
-0.985702
-0.985522
-0.985340
-0.985156
-0.984971
-0.984784
-0.984595
-0.984404
-0.984212
-0.984018
-0.983822
-0.983625
-0.983425
-0.983224
-0.983021
-0.982816
-0.982610
-0.982401
-0.982191
-0.981979
-0.981765
-0.981549
-0.981332
-0.981112
-0.980891
-0.980667
-0.980442
-0.980215
-0.979985
-0.979754
-0.979521
-0.979286
-0.979049
-0.978810
-0.978569
-0.978326
-0.978081
-0.977834
-0.977584
-0.977333
-0.977080
-0.976825
-0.976567
-0.976307
-0.976046
-0.975782
-0.975516
-0.975248
-0.974978
-0.974705
-0.974431
-0.974154
-0.973875
-0.973594
-0.973311
-0.973025
-0.972737
-0.972447
-0.972155
-0.971860
-0.971563
-0.971264
-0.970962
-0.970659
-0.970352
-0.970044
-0.969733
-0.969420
-0.969104
-0.968786
-0.968466
-0.968143
-0.967818
-0.967491
-0.967161
-0.966828
-0.966493
-0.966156
-0.965816
-0.965474
-0.965129
-0.964782
-0.964432
-0.964079
-0.963724
-0.963367
-0.963007
-0.962644
-0.962279
-0.961911
-0.961540
-0.961167
-0.960792
-0.960413
-0.960032
-0.959648
-0.959262
-0.958873
-0.958481
-0.958087
-0.957690
-0.957290
-0.956887
-0.956481
-0.956073
-0.955662
-0.955248
-0.954832
-0.954412
-0.953990
-0.953565
-0.953137
-0.952706
-0.952273
-0.951836
-0.951397
-0.950954
-0.950509
-0.950061
-0.949610
-0.949155
-0.948698
-0.948238
-0.947775
-0.947309
-0.946840
-0.946368
-0.945893
-0.945415
-0.944934
-0.944450
-0.943963
-0.943472
-0.942979
-0.942482
-0.941982
-0.941480
-0.940974
-0.940465
-0.939952
-0.939437
-0.938918
-0.938396
-0.937871
-0.937343
-0.936811
-0.936277
-0.935739
-0.935197
-0.934653
-0.934105
-0.933554
-0.932999
-0.932442
-0.931880
-0.931316
-0.930748
-0.930177
-0.929602
-0.929024
-0.928443
-0.927858
-0.927270
-0.926679
-0.926083
-0.925485
-0.924883
-0.924277
-0.923668
-0.923056
-0.922440
-0.921821
-0.921198
-0.920571
-0.919941
-0.919307
-0.918670
-0.918029
-0.917384
-0.916736
-0.916085
-0.915429
-0.914770
-0.914108
-0.913441
-0.912771
-0.912098
-0.911420
-0.910739
-0.910055
-0.909366
-0.908674
-0.907978
-0.907278
-0.906574
-0.905867
-0.905156
-0.904441
-0.903722
-0.903000
-0.902273
-0.901543
-0.900809
-0.900071
-0.899329
-0.898583
-0.897833
-0.897080
-0.896322
-0.895561
-0.894795
-0.894026
-0.893253
-0.892475
-0.891694
-0.890909
-0.890120
-0.889326
-0.888529
-0.887728
-0.886922
-0.886113
-0.885299
-0.884481
-0.883660
-0.882834
-0.882004
-0.881170
-0.880332
-0.879489
-0.878643
-0.877792
-0.876938
-0.876079
-0.875216
-0.874348
-0.873477
-0.872601
-0.871721
-0.870837
-0.869948
-0.869055
-0.868158
-0.867257
-0.866351
-0.865442
-0.864527
-0.863609
-0.862686
-0.861759
-0.860827
-0.859892
-0.858951
-0.858007
-0.857058
-0.856104
-0.855147
-0.854184
-0.853218
-0.852247
-0.851271
-0.850291
-0.849307
-0.848318
-0.847325
-0.846327
-0.845325
-0.844318
-0.843307
-0.842291
-0.841271
-0.840246
-0.839217
-0.838183
-0.837144
-0.836101
-0.835054
-0.834001
-0.832945
-0.831883
-0.830817
-0.829747
-0.828671
-0.827591
-0.826507
-0.825418
-0.824324
-0.823225
-0.822122
-0.821014
-0.819902
-0.818784
-0.817662
-0.816536
-0.815404
-0.814268
-0.813127
-0.811982
-0.810831
-0.809676
-0.808516
-0.807351
-0.806182
-0.805008
-0.803829
-0.802645
-0.801456
-0.800263
-0.799064
-0.797861
-0.796653
-0.795440
-0.794223
-0.793000
-0.791773
-0.790540
-0.789303
-0.788061
-0.786814
-0.785562
-0.784305
-0.783044
-0.781777
-0.780506
-0.779229
-0.777948
-0.776661
-0.775370
-0.774074
-0.772773
-0.771467
-0.770155
-0.768839
-0.767518
-0.766192
-0.764861
-0.763525
-0.762184
-0.760838
-0.759486
-0.758130
-0.756769
-0.755403
-0.754031
-0.752655
-0.751274
-0.749887
-0.748496
-0.747099
-0.745698
-0.744291
-0.742879
-0.741462
-0.740040
-0.738613
-0.737181
-0.735744
-0.734302
-0.732854
-0.731402
-0.729944
-0.728481
-0.727013
-0.725540
-0.724062
-0.722578
-0.721090
-0.719596
-0.718098
-0.716594
-0.715085
-0.713570
-0.712051
-0.710526
-0.708997
-0.707462
-0.705922
-0.704376
-0.702826
-0.701270
-0.699709
-0.698143
-0.696572
-0.694996
-0.693414
-0.691827
-0.690235
-0.688638
-0.687036
-0.685428
-0.683815
-0.682197
-0.680574
-0.678946
-0.677312
-0.675673
-0.674029
-0.672380
-0.670725
-0.669065
-0.667400
-0.665730
-0.664055
-0.662374
-0.660688
-0.658997
-0.657301
-0.655599
-0.653892
-0.652180
-0.650463
-0.648740
-0.647013
-0.645280
-0.643541
-0.641798
-0.640049
-0.638295
-0.636536
-0.634772
-0.633002
-0.631227
-0.629447
-0.627662
-0.625871
-0.624075
-0.622274
-0.620468
-0.618657
-0.616840
-0.615018
-0.613191
-0.611359
-0.609521
-0.607678
-0.605830
-0.603977
-0.602118
-0.600255
-0.598386
-0.596512
-0.594632
-0.592748
-0.590858
-0.588963
-0.587063
-0.585158
-0.583247
-0.581332
-0.579411
-0.577485
-0.575553
-0.573617
-0.571675
-0.569729
-0.567777
-0.565820
-0.563857
-0.561890
-0.559918
-0.557940
-0.555957
-0.553969
-0.551976
-0.549978
-0.547974
-0.545966
-0.543952
-0.541933
-0.539909
-0.537880
-0.535846
-0.533807
-0.531763
-0.529714
-0.527659
-0.525600
-0.523535
-0.521466
-0.519391
-0.517311
-0.515226
-0.513137
-0.511042
-0.508942
-0.506837
-0.504727
-0.502612
-0.500492
-0.498367
-0.496237
-0.494102
-0.491962
-0.489817
-0.487668
-0.485513
-0.483353
-0.481188
-0.479019
-0.476844
-0.474665
-0.472481
-0.470291
-0.468097
-0.465898
-0.463694
-0.461485
-0.459272
-0.457053
-0.454830
-0.452602
-0.450369
-0.448131
-0.445888
-0.443641
-0.441389
-0.439132
-0.436870
-0.434603
-0.432332
-0.430056
-0.427775
-0.425490
-0.423199
-0.420904
-0.418605
-0.416300
-0.413992
-0.411678
-0.409360
-0.407037
-0.404709
-0.402377
-0.400040
-0.397699
-0.395353
-0.393002
-0.390647
-0.388287
-0.385923
-0.383554
-0.381181
-0.378803
-0.376421
-0.374034
-0.371643
-0.369247
-0.366847
-0.364443
-0.362034
-0.359620
-0.357203
-0.354781
-0.352354
-0.349923
-0.347488
-0.345048
-0.342605
-0.340156
-0.337704
-0.335247
-0.332786
-0.330321
-0.327852
-0.325378
-0.322900
-0.320418
-0.317932
-0.315441
-0.312947
-0.310448
-0.307945
-0.305439
-0.302928
-0.300413
-0.297893
-0.295370
-0.292843
-0.290312
-0.287777
-0.285238
-0.282695
-0.280148
-0.277597
-0.275042
-0.272483
-0.269920
-0.267354
-0.264783
-0.262209
-0.259631
-0.257049
-0.254464
-0.251875
-0.249282
-0.246685
-0.244084
-0.241480
-0.238872
-0.236261
-0.233645
-0.231027
-0.228404
-0.225778
-0.223149
-0.220516
-0.217879
-0.215239
-0.212595
-0.209948
-0.207298
-0.204644
-0.201987
-0.199326
-0.196662
-0.193994
-0.191323
-0.188649
-0.185972
-0.183291
-0.180607
-0.177920
-0.175229
-0.172536
-0.169839
-0.167139
-0.164436
-0.161730
-0.159021
-0.156308
-0.153593
-0.150874
-0.148153
-0.145428
-0.142701
-0.139971
-0.137237
-0.134501
-0.131762
-0.129020
-0.126275
-0.123528
-0.120777
-0.118024
-0.115268
-0.112510
-0.109749
-0.106985
-0.104218
-0.101449
-0.098677
-0.095902
-0.093125
-0.090346
-0.087564
-0.084779
-0.081992
-0.079202
-0.076410
-0.073616
-0.070819
-0.068020
-0.065219
-0.062415
-0.059609
-0.056801
-0.053990
-0.051178
-0.048363
-0.045546
-0.042727
-0.039905
-0.037082
-0.034257
-0.031429
-0.028600
-0.025768
-0.022935
-0.020100
-0.017262
-0.014423
-0.011582
-0.008739
-0.005895
-0.003049
-0.000200
0.002649
0.005501
0.008354
0.011209
0.014066
0.016924
0.019783
0.022644
0.025507
0.028371
0.031237
0.034104
0.036972
0.039842
0.042713
0.045586
0.048460
0.051335
0.054211
0.057089
0.059967
0.062847
0.065728
0.068610
0.071493
0.074378
0.077263
0.080149
0.083036
0.085924
0.088813
0.091703
0.094594
0.097485
0.100378
0.103271
0.106164
0.109059
0.111954
0.114850
0.117746
0.120643
0.123541
0.126439
0.129337
0.132236
0.135136
0.138036
0.140936
0.143836
0.146737
0.149638
0.152540
0.155441
0.158343
0.161245
0.164147
0.167049
0.169952
0.172854
0.175756
0.178658
0.181561
0.184463
0.187365
0.190267
0.193169
0.196070
0.198971
0.201872
0.204773
0.207673
0.210573
0.213473
0.216372
0.219271
0.222169
0.225067
0.227964
0.230860
0.233756
0.236652
0.239546
0.242440
0.245333
0.248226
0.251117
0.254008
0.256898
0.259787
0.262675
0.265562
0.268448
0.271333
0.274217
0.277099
0.279981
0.282862
0.285741
0.288619
0.291496
0.294371
0.297245
0.300118
0.302990
0.305860
0.308728
0.311595
0.314461
0.317325
0.320187
0.323048
0.325907
0.328764
0.331620
0.334474
0.337326
0.340176
0.343024
0.345871
0.348716
0.351558
0.354399
0.357237
0.360074
0.362908
0.365741
0.368571
0.371399
0.374224
0.377048
0.379869
0.382688
0.385504
0.388318
0.391130
0.393939
0.396746
0.399550
0.402351
0.405150
0.407947
0.410740
0.413531
0.416319
0.419105
0.421887
0.424667
0.427444
0.430218
0.432989
0.435757
0.438522
0.441284
0.444043
0.446799
0.449551
0.452301
0.455047
0.457790
0.460530
0.463266
0.465999
0.468729
0.471455
0.474178
0.476897
0.479613
0.482325
0.485034
0.487739
0.490440
0.493138
0.495832
0.498522
0.501208
0.503891
0.506570
0.509244
0.511915
0.514582
0.517245
0.519904
0.522558
0.525209
0.527856
0.530498
0.533136
0.535770
0.538400
0.541025
0.543646
0.546262
0.548875
0.551482
0.554086
0.556684
0.559279
0.561868
0.564453
0.567034
0.569609
0.572180
0.574746
0.577308
0.579865
0.582416
0.584963
0.587505
0.590042
0.592574
0.595101
0.597623
0.600140
0.602652
0.605159
0.607660
0.610156
0.612647
0.615133
0.617613
0.620088
0.622558
0.625022
0.627481
0.629934
0.632382
0.634824
0.637261
0.639692
0.642118
0.644537
0.646951
0.649360
0.651762
0.654159
0.656550
0.658935
0.661314
0.663687
0.666054
0.668415
0.670770
0.673119
0.675462
0.677799
0.680130
0.682454
0.684773
0.687085
0.689390
0.691690
0.693983
0.696269
0.698549
0.700823
0.703091
0.705351
0.707606
0.709853
0.712094
0.714329
0.716557
0.718778
0.720992
0.723200
0.725400
0.727594
0.729781
0.731962
0.734135
0.736301
0.738461
0.740613
0.742759
0.744897
0.747028
0.749152
0.751269
0.753379
0.755482
0.757577
0.759665
0.761746
0.763819
0.765885
0.767944
0.769995
0.772039
0.774075
0.776104
0.778126
0.780139
0.782145
0.784144
0.786135
0.788118
0.790094
0.792061
0.794021
0.795974
0.797918
0.799855
0.801783
0.803704
0.805617
0.807522
0.809419
0.811308
0.813189
0.815062
0.816927
0.818783
0.820632
0.822472
0.824304
0.826128
0.827944
0.829751
0.831550
0.833341
0.835124
0.836898
0.838663
0.840421
0.842169
0.843910
0.845642
0.847365
0.849080
0.850786
0.852483
0.854172
0.855852
0.857524
0.859187
0.860841
0.862486
0.864123
0.865751
0.867370
0.868980
0.870581
0.872174
0.873757
0.875332
0.876897
0.878454
0.880001
0.881540
0.883070
0.884590
0.886101
0.887604
0.889097
0.890581
0.892055
0.893521
0.894977
0.896424
0.897862
0.899290
0.900709
0.902119
0.903520
0.904911
0.906293
0.907665
0.909028
0.910381
0.911725
0.913059
0.914384
0.915700
0.917005
0.918302
0.919588
0.920865
0.922133
0.923390
0.924638
0.925877
0.927105
0.928324
0.929533
0.930733
0.931923
0.933102
0.934272
0.935433
0.936583
0.937723
0.938854
0.939975
0.941085
0.942186
0.943277
0.944358
0.945429
0.946490
0.947541
0.948582
0.949613
0.950633
0.951644
0.952645
0.953635
0.954615
0.955586
0.956546
0.957496
0.958435
0.959365
0.960284
0.961193
0.962092
0.962981
0.963859
0.964727
0.965585
0.966433
0.967270
0.968097
0.968913
0.969719
0.970515
0.971301
0.972076
0.972840
0.973594
0.974338
0.975072
0.975795
0.976507
0.977209
0.977900
0.978581
0.979252
0.979912
0.980562
0.981200
0.981829
0.982447
0.983054
0.983651
0.984237
0.984813
0.985378
0.985932
0.986476
0.987009
0.987532
0.988044
0.988545
0.989035
0.989515
0.989985
0.990443
0.990891
0.991329
0.991755
0.992171
0.992576
0.992971
0.993354
0.993727
0.994090
0.994441
0.994782
0.995112
0.995432
0.995740
0.996038
0.996325
0.996601
0.996867
0.997122
0.997366
0.997599
0.997821
0.998033
0.998234
0.998424
0.998603
0.998771
0.998929
0.999076
0.999212
0.999337
0.999451
0.999555
0.999648
0.999729
0.999801
0.999861
0.999910
0.999949
0.999977
0.999994
1.000000
0.999995
0.999980
0.999954
0.999916
0.999868
0.999810
0.999740
0.999660
0.999569
0.999466
0.999354
0.999230
0.999095
0.998950
0.998794
0.998627
0.998450
0.998261
0.998062
0.997852
0.997631
0.997399
0.997157
0.996903
0.996639
0.996365
0.996079
0.995783
0.995476
0.995158
0.994829
0.994490
0.994140
0.993779
0.993408
0.993025
0.992632
0.992229
0.991814
0.991389
0.990953
0.990507
0.990050
0.989582
0.989104
0.988614
0.988115
0.987604
0.987083
0.986552
0.986009
0.985456
0.984893
0.984319
0.983734
0.983139
0.982533
0.981916
0.981290
0.980652
0.980004
0.979345
0.978676
0.977997
0.977307
0.976606
0.975895
0.975174
0.974442
0.973700
0.972947
0.972184
0.971410
0.970626
0.969832
0.969027
0.968212
0.967387
0.966551
0.965705
0.964849
0.963982
0.963105
0.962218
0.961321
0.960413
0.959495
0.958567
0.957629
0.956680
0.955721
0.954753
0.953774
0.952785
0.951785
0.950776
0.949757
0.948727
0.947688
0.946638
0.945579
0.944509
0.943430
0.942340
0.941241
0.940132
0.939012
0.937883
0.936744
0.935595
0.934436
0.933268
0.932089
0.930901
0.929703
0.928495
0.927277
0.926050
0.924813
0.923566
0.922310
0.921044
0.919768
0.918483
0.917188
0.915884
0.914570
0.913246
0.911913
0.910571
0.909219
0.907857
0.906486
0.905106
0.903716
0.902317
0.900908
0.899491
0.898063
0.896627
0.895181
0.893726
0.892262
0.890789
0.889306
0.887814
0.886313
0.884803
0.883284
0.881756
0.880218
0.878672
0.877117
0.875553
0.873979
0.872397
0.870806
0.869206
0.867597
0.865979
0.864353
0.862717
0.861073
0.859420
0.857758
0.856088
0.854409
0.852721
0.851025
0.849320
0.847607
0.845885
0.844154
0.842415
0.840667
0.838911
0.837147
0.835374
0.833593
0.831803
0.830005
0.828199
0.826384
0.824561
0.822730
0.820891
0.819044
0.817188
0.815325
0.813453
0.811573
0.809685
0.807789
0.805886
0.803974
0.802054
0.800127
0.798191
0.796248
0.794297
0.792338
0.790371
0.788396
0.786414
0.784425
0.782427
0.780422
0.778409
0.776389
0.774361
0.772326
0.770283
0.768233
0.766175
0.764110
0.762038
0.759958
0.757871
0.755777
0.753675
0.751567
0.749451
0.747327
0.745197
0.743060
0.740915
0.738764
0.736606
0.734440
0.732268
0.730089
0.727902
0.725709
0.723510
0.721303
0.719090
0.716869
0.714643
0.712409
0.710169
0.707922
0.705669
0.703409
0.701143
0.698870
0.696590
0.694305
0.692013
0.689714
0.687409
0.685098
0.682781
0.680457
0.678127
0.675791
0.673449
0.671101
0.668747
0.666387
0.664020
0.661648
0.659270
0.656886
0.654496
0.652100
0.649698
0.647290
0.644877
0.642458
0.640034
0.637603
0.635168
0.632726
0.630279
0.627827
0.625369
0.622905
0.620436
0.617962
0.615482
0.612997
0.610507
0.608012
0.605511
0.603005
0.600494
0.597978
0.595456
0.592930
0.590399
0.587862
0.585321
0.582775
0.580224
0.577668
0.575107
0.572542
0.569971
0.567396
0.564817
0.562232
0.559643
0.557050
0.554452
0.551849
0.549242
0.546630
0.544014
0.541394
0.538769
0.536140
0.533507
0.530869
0.528228
0.525582
0.522932
0.520277
0.517619
0.514957
0.512291
0.509620
0.506946
0.504268
0.501586
0.498900
0.496211
0.493517
0.490820
0.488119
0.485415
0.482707
0.479995
0.477280
0.474561
0.471839
0.469113
0.466384
0.463651
0.460915
0.458176
0.455433
0.452687
0.449938
0.447186
0.444431
0.441672
0.438911
0.436146
0.433379
0.430608
0.427834
0.425058
0.422279
0.419496
0.416711
0.413924
0.411133
0.408340
0.405544
0.402745
0.399944
0.397140
0.394334
0.391525
0.388714
0.385900
0.383084
0.380266
0.377445
0.374622
0.371796
0.368969
0.366139
0.363307
0.360473
0.357637
0.354798
0.351958
0.349116
0.346271
0.343425
0.340577
0.337727
0.334875
0.332021
0.329166
0.326309
0.323450
0.320590
0.317727
0.314864
0.311998
0.309132
0.306263
0.303394
0.300522
0.297650
0.294776
0.291900
0.289024
0.286146
0.283267
0.280386
0.277505
0.274622
0.271738
0.268854
0.265968
0.263081
0.260193
0.257304
0.254414
0.251524
0.248632
0.245740
0.242847
0.239953
0.237059
0.234164
0.231268
0.228371
0.225474
0.222577
0.219679
0.216780
0.213881
0.210981
0.208081
0.205181
0.202280
0.199379
0.196478
0.193577
0.190675
0.187773
0.184871
0.181969
0.179067
0.176165
0.173262
0.170360
0.167458
0.164555
0.161653
0.158751
0.155849
0.152948
0.150046
0.147145
0.144244
0.141344
0.138444
0.135544
0.132644
0.129745
0.126846
0.123948
0.121051
0.118154
0.115257
0.112361
0.109466
0.106572
0.103678
0.100785
0.097892
0.095001
0.092110
0.089220
0.086331
0.083442
0.080555
0.077669
0.074783
0.071899
0.069016
0.066134
0.063252
0.060372
0.057494
0.054616
0.051739
0.048864
0.045990
0.043118
0.040246
0.037376
0.034507
0.031640
0.028774
0.025910
0.023047
0.020186
0.017326
0.014468
0.011611
0.008756
0.005902
0.003051
0.000200
-0.002648
-0.005495
-0.008339
-0.011182
-0.014024
-0.016863
-0.019701
-0.022536
-0.025370
-0.028202
-0.031031
-0.033859
-0.036685
-0.039508
-0.042330
-0.045149
-0.047967
-0.050782
-0.053595
-0.056406
-0.059214
-0.062020
-0.064825
-0.067626
-0.070426
-0.073223
-0.076017
-0.078810
-0.081600
-0.084387
-0.087172
-0.089954
-0.092734
-0.095512
-0.098287
-0.101059
-0.103828
-0.106595
-0.109360
-0.112122
-0.114881
-0.117637
-0.120390
-0.123141
-0.125889
-0.128634
-0.131377
-0.134116
-0.136853
-0.139586
-0.142317
-0.145045
-0.147770
-0.150492
-0.153210
-0.155926
-0.158639
-0.161349
-0.164055
-0.166759
-0.169459
-0.172157
-0.174851
-0.177542
-0.180229
-0.182914
-0.185595
-0.188273
-0.190947
-0.193619
-0.196287
-0.198951
-0.201612
-0.204270
-0.206925
-0.209576
-0.212223
-0.214867
-0.217508
-0.220145
-0.222779
-0.225409
-0.228035
-0.230658
-0.233277
-0.235893
-0.238505
-0.241113
-0.243718
-0.246319
-0.248916
-0.251510
-0.254100
-0.256686
-0.259268
-0.261847
-0.264422
-0.266992
-0.269559
-0.272123
-0.274682
-0.277237
-0.279789
-0.282337
-0.284880
-0.287420
-0.289956
-0.292487
-0.295015
-0.297539
-0.300058
-0.302574
-0.305086
-0.307593
-0.310096
-0.312596
-0.315091
-0.317582
-0.320069
-0.322551
-0.325030
-0.327504
-0.329974
-0.332440
-0.334901
-0.337359
-0.339812
-0.342260
-0.344705
-0.347145
-0.349581
-0.352012
-0.354439
-0.356862
-0.359281
-0.361695
-0.364104
-0.366509
-0.368910
-0.371306
-0.373698
-0.376086
-0.378469
-0.380847
-0.383221
-0.385590
-0.387955
-0.390315
-0.392671
-0.395022
-0.397369
-0.399711
-0.402048
-0.404381
-0.406709
-0.409033
-0.411352
-0.413666
-0.415976
-0.418281
-0.420581
-0.422877
-0.425168
-0.427454
-0.429735
-0.432012
-0.434284
-0.436551
-0.438814
-0.441071
-0.443324
-0.445572
-0.447816
-0.450054
-0.452288
-0.454517
-0.456741
-0.458960
-0.461174
-0.463384
-0.465588
-0.467788
-0.469983
-0.472173
-0.474358
-0.476538
-0.478713
-0.480884
-0.483049
-0.485209
-0.487365
-0.489515
-0.491661
-0.493802
-0.495937
-0.498068
-0.500193
-0.502314
-0.504430
-0.506540
-0.508646
-0.510747
-0.512842
-0.514933
-0.517018
-0.519099
-0.521174
-0.523244
-0.525310
-0.527370
-0.529425
-0.531475
-0.533520
-0.535560
-0.537595
-0.539624
-0.541649
-0.543668
-0.545683
-0.547692
-0.549696
-0.551695
-0.553689
-0.555678
-0.557661
-0.559640
-0.561613
-0.563581
-0.565544
-0.567502
-0.569454
-0.571402
-0.573344
-0.575281
-0.577213
-0.579140
-0.581062
-0.582978
-0.584889
-0.586795
-0.588696
-0.590592
-0.592482
-0.594368
-0.596248
-0.598122
-0.599992
-0.601856
-0.603716
-0.605570
-0.607418
-0.609262
-0.611100
-0.612933
-0.614761
-0.616584
-0.618401
-0.620214
-0.622021
-0.623822
-0.625619
-0.627410
-0.629196
-0.630977
-0.632753
-0.634523
-0.636288
-0.638048
-0.639803
-0.641552
-0.643296
-0.645035
-0.646769
-0.648498
-0.650221
-0.651939
-0.653652
-0.655359
-0.657062
-0.658759
-0.660451
-0.662137
-0.663819
-0.665495
-0.667166
-0.668832
-0.670492
-0.672147
-0.673797
-0.675442
-0.677082
-0.678716
-0.680345
-0.681969
-0.683588
-0.685202
-0.686810
-0.688413
-0.690011
-0.691604
-0.693191
-0.694774
-0.696351
-0.697923
-0.699489
-0.701051
-0.702607
-0.704158
-0.705704
-0.707245
-0.708781
-0.710311
-0.711837
-0.713357
-0.714872
-0.716382
-0.717886
-0.719386
-0.720880
-0.722369
-0.723853
-0.725332
-0.726806
-0.728275
-0.729738
-0.731197
-0.732650
-0.734098
-0.735541
-0.736979
-0.738412
-0.739840
-0.741263
-0.742680
-0.744093
-0.745500
-0.746902
-0.748300
-0.749692
-0.751079
-0.752461
-0.753838
-0.755210
-0.756577
-0.757939
-0.759296
-0.760648
-0.761995
-0.763336
-0.764673
-0.766005
-0.767332
-0.768654
-0.769970
-0.771282
-0.772589
-0.773891
-0.775188
-0.776480
-0.777767
-0.779049
-0.780326
-0.781599
-0.782866
-0.784128
-0.785386
-0.786638
-0.787886
-0.789129
-0.790367
-0.791599
-0.792828
-0.794051
-0.795269
-0.796483
-0.797691
-0.798895
-0.800094
-0.801288
-0.802478
-0.803662
-0.804842
-0.806017
-0.807187
-0.808353
-0.809513
-0.810669
-0.811820
-0.812966
-0.814108
-0.815245
-0.816377
-0.817504
-0.818627
-0.819745
-0.820858
-0.821966
-0.823070
-0.824169
-0.825264
-0.826354
-0.827439
-0.828520
-0.829596
-0.830667
-0.831733
-0.832796
-0.833853
-0.834906
-0.835954
-0.836998
-0.838037
-0.839072
-0.840102
-0.841127
-0.842148
-0.843164
-0.844176
-0.845184
-0.846187
-0.847185
-0.848179
-0.849168
-0.850153
-0.851134
-0.852110
-0.853082
-0.854049
-0.855012
-0.855970
-0.856924
-0.857873
-0.858819
-0.859759
-0.860696
-0.861628
-0.862556
-0.863479
-0.864398
-0.865313
-0.866224
-0.867130
-0.868032
-0.868929
-0.869823
-0.870712
-0.871597
-0.872477
-0.873354
-0.874226
-0.875094
-0.875957
-0.876817
-0.877672
