-0.003811
-0.006657
-0.009501
-0.012343
-0.015184
-0.018022
-0.020859
-0.023694
-0.026527
-0.029357
-0.032186
-0.035013
-0.037838
-0.040661
-0.043482
-0.046300
-0.049117
-0.051931
-0.054743
-0.057553
-0.060361
-0.063166
-0.065969
-0.068770
-0.071568
-0.074364
-0.077158
-0.079949
-0.082738
-0.085525
-0.088309
-0.091090
-0.093869
-0.096645
-0.099419
-0.102190
-0.104959
-0.107725
-0.110488
-0.113249
-0.116007
-0.118762
-0.121514
-0.124264
-0.127011
-0.129755
-0.132496
-0.135234
-0.137969
-0.140702
-0.143431
-0.146158
-0.148882
-0.151602
-0.154320
-0.157035
-0.159746
-0.162455
-0.165160
-0.167862
-0.170561
-0.173257
-0.175950
-0.178640
-0.181326
-0.184009
-0.186689
-0.189366
-0.192039
-0.194709
-0.197375
-0.200039
-0.202698
-0.205355
-0.208008
-0.210657
-0.213304
-0.215946
-0.218585
-0.221221
-0.223853
-0.226482
-0.229107
-0.231728
-0.234346
-0.236960
-0.239571
-0.242178
-0.244781
-0.247380
-0.249976
-0.252568
-0.255157
-0.257741
-0.260322
-0.262899
-0.265472
-0.268041
-0.270607
-0.273168
-0.275726
-0.278280
-0.280830
-0.283376
-0.285918
-0.288456
-0.290990
-0.293520
-0.296046
-0.298568
-0.301086
-0.303600
-0.306110
-0.308616
-0.311118
-0.313615
-0.316109
-0.318598
-0.321083
-0.323564
-0.326041
-0.328513
-0.330982
-0.333446
-0.335905
-0.338361
-0.340812
-0.343259
-0.345702
-0.348140
-0.350574
-0.353004
-0.355429
-0.357850
-0.360267
-0.362679
-0.365087
-0.367490
-0.369889
-0.372284
-0.374674
-0.377059
-0.379440
-0.381817
-0.384189
-0.386557
-0.388920
-0.391278
-0.393632
-0.395981
-0.398326
-0.400666
-0.403002
-0.405333
-0.407659
-0.409981
-0.412298
-0.414610
-0.416918
-0.419221
-0.421519
-0.423813
-0.426102
-0.428386
-0.430666
-0.432940
-0.435211
-0.437476
-0.439736
-0.441992
-0.444243
-0.446489
-0.448730
-0.450967
-0.453199
-0.455426
-0.457648
-0.459865
-0.462077
-0.464285
-0.466487
-0.468685
-0.470878
-0.473066
-0.475249
-0.477427
-0.479600
-0.481769
-0.483932
-0.486090
-0.488244
-0.490392
-0.492536
-0.494674
-0.496808
-0.498936
-0.501060
-0.503179
-0.505292
-0.507401
-0.509504
-0.511603
-0.513697
-0.515785
-0.517868
-0.519947
-0.522020
-0.524088
-0.526152
-0.528210
-0.530263
-0.532311
-0.534354
-0.536391
-0.538424
-0.540452
-0.542474
-0.544492
-0.546504
-0.548511
-0.550513
-0.552510
-0.554502
-0.556488
-0.558470
-0.560446
-0.562417
-0.564383
-0.566344
-0.568300
-0.570250
-0.572196
-0.574136
-0.576071
-0.578001
-0.579926
-0.581845
-0.583759
-0.585668
-0.587572
-0.589471
-0.591365
-0.593253
-0.595136
-0.597014
-0.598887
-0.600754
-0.602616
-0.604473
-0.606325
-0.608172
-0.610013
-0.611850
-0.613681
-0.615506
-0.617327
-0.619142
-0.620952
-0.622757
-0.624557
-0.626351
-0.628140
-0.629924
-0.631703
-0.633476
-0.635245
-0.637008
-0.638765
-0.640518
-0.642265
-0.644007
-0.645744
-0.647476
-0.649202
-0.650923
-0.652639
-0.654350
-0.656055
-0.657755
-0.659450
-0.661140
-0.662825
-0.664504
-0.666178
-0.667847
-0.669510
-0.671169
-0.672822
-0.674470
-0.676112
-0.677750
-0.679382
-0.681009
-0.682631
-0.684248
-0.685859
-0.687465
-0.689066
-0.690662
-0.692253
-0.693838
-0.695418
-0.696993
-0.698563
-0.700128
-0.701687
-0.703241
-0.704791
-0.706334
-0.707873
-0.709407
-0.710935
-0.712458
-0.713976
-0.715489
-0.716997
-0.718499
-0.719997
-0.721489
-0.722976
-0.724458
-0.725935
-0.727407
-0.728873
-0.730335
-0.731791
-0.733242
-0.734688
-0.736129
-0.737565
-0.738996
-0.740422
-0.741842
-0.743258
-0.744668
-0.746073
-0.747474
-0.748869
-0.750259
-0.751644
-0.753024
-0.754399
-0.755769
-0.757134
-0.758494
-0.759849
-0.761198
-0.762543
-0.763883
-0.765218
-0.766548
-0.767872
-0.769192
-0.770507
-0.771817
-0.773122
-0.774421
-0.775716
-0.777006
-0.778291
-0.779571
-0.780847
-0.782117
-0.783382
-0.784642
-0.785898
-0.787148
-0.788394
-0.789635
-0.790871
-0.792102
-0.793328
-0.794549
-0.795765
-0.796977
-0.798184
-0.799386
-0.800583
-0.801775
-0.802962
-0.804145
-0.805322
-0.806495
-0.807664
-0.808827
-0.809986
-0.811140
-0.812289
-0.813433
-0.814573
-0.815708
-0.816838
-0.817963
-0.819084
-0.820200
-0.821311
-0.822418
-0.823520
-0.824617
-0.825710
-0.826798
-0.827881
-0.828960
-0.830034
-0.831103
-0.832168
-0.833228
-0.834284
-0.835335
-0.836381
-0.837423
-0.838460
-0.839493
-0.840521
-0.841545
-0.842564
-0.843578
-0.844588
-0.845594
-0.846595
-0.847591
-0.848584
-0.849571
-0.850554
-0.851533
-0.852507
-0.853477
-0.854442
-0.855403
-0.856360
-0.857312
-0.858260
-0.859203
-0.860142
-0.861077
-0.862008
-0.862934
-0.863855
-0.864773
-0.865686
-0.866594
-0.867499
-0.868399
-0.869295
-0.870186
-0.871074
-0.871957
-0.872836
-0.873710
-0.874581
-0.875447
-0.876309
-0.877167
-0.878021
-0.878870
-0.879715
-0.880557
-0.881394
-0.882227
-0.883055
-0.883880
-0.884701
-0.885517
-0.886330
-0.887138
-0.887942
-0.888743
-0.889539
-0.890331
-0.891119
-0.891904
-0.892684
-0.893460
-0.894232
-0.895001
-0.895765
-0.896525
-0.897282
-0.898034
-0.898783
-0.899528
-0.900269
-0.901006
-0.901739
-0.902468
-0.903193
-0.903915
-0.904633
-0.905347
-0.906057
-0.906763
-0.907466
-0.908164
-0.908859
-0.909551
-0.910238
-0.910922
-0.911602
-0.912279
-0.912951
-0.913620
-0.914286
-0.914947
-0.915605
-0.916260
-0.916910
-0.917557
-0.918201
-0.918841
-0.919477
-0.920110
-0.920739
-0.921365
-0.921987
-0.922605
-0.923220
-0.923832
-0.924440
-0.925044
-0.925645
-0.926243
-0.926837
-0.927428
-0.928015
-0.928599
-0.929180
-0.929757
-0.930330
-0.930900
-0.931467
-0.932031
-0.932591
-0.933148
-0.933702
-0.934252
-0.934799
-0.935343
-0.935883
-0.936420
-0.936954
-0.937485
-0.938012
-0.938536
-0.939057
-0.939575
-0.940090
-0.940601
-0.941109
-0.941615
-0.942117
-0.942615
-0.943111
-0.943604
-0.944093
-0.944580
-0.945063
-0.945544
-0.946021
-0.946495
-0.946966
-0.947434
-0.947900
-0.948362
-0.948821
-0.949277
-0.949731
-0.950181
-0.950628
-0.951073
-0.951514
-0.951953
-0.952389
-0.952822
-0.953252
-0.953679
-0.954103
-0.954525
-0.954944
-0.955359
-0.955772
-0.956183
-0.956590
-0.956995
-0.957397
-0.957796
-0.958193
-0.958586
-0.958977
-0.959366
-0.959751
-0.960134
-0.960515
-0.960892
-0.961267
-0.961640
-0.962010
-0.962377
-0.962741
-0.963103
-0.963463
-0.963820
-0.964174
-0.964526
-0.964875
-0.965222
-0.965566
-0.965907
-0.966247
-0.966583
-0.966918
-0.967249
-0.967579
-0.967906
-0.968230
-0.968552
-0.968872
-0.969189
-0.969504
-0.969817
-0.970127
-0.970435
-0.970740
-0.971043
-0.971344
-0.971643
-0.971939
-0.972233
-0.972525
-0.972814
-0.973102
-0.973387
-0.973669
-0.973950
-0.974228
-0.974504
-0.974778
-0.975050
-0.975320
-0.975587
-0.975853
-0.976116
-0.976377
-0.976636
-0.976893
-0.977148
-0.977401
-0.977651
-0.977900
-0.978147
-0.978391
-0.978634
-0.978874
-0.979113
-0.979349
-0.979584
-0.979816
-0.980047
-0.980276
-0.980502
-0.980727
-0.980950
-0.981171
-0.981390
-0.981607
-0.981823
-0.982036
-0.982248
-0.982457
-0.982665
-0.982871
-0.983076
-0.983278
-0.983479
-0.983678
-0.983875
-0.984070
-0.984264
-0.984456
-0.984646
-0.984834
-0.985021
-0.985206
-0.985389
-0.985571
-0.985750
-0.985929
-0.986105
-0.986280
-0.986454
-0.986625
-0.986795
-0.986964
-0.987131
-0.987296
-0.987460
-0.987622
-0.987782
-0.987941
-0.988099
-0.988255
-0.988409
-0.988562
-0.988713
-0.988863
-0.989012
-0.989159
-0.989304
-0.989448
-0.989591
-0.989732
-0.989872
-0.990010
-0.990147
-0.990283
-0.990417
-0.990550
-0.990681
-0.990811
-0.990940
-0.991067
-0.991193
-0.991318
-0.991441
-0.991563
-0.991684
-0.991803
-0.991921
-0.992038
-0.992154
-0.992268
-0.992382
-0.992494
-0.992604
-0.992714
-0.992822
-0.992929
-0.993035
-0.993140
-0.993243
-0.993345
-0.993447
-0.993547
-0.993646
-0.993743
-0.993840
-0.993935
-0.994030
-0.994123
-0.994215
-0.994307
-0.994397
-0.994486
-0.994574
-0.994661
-0.994746
-0.994831
-0.994915
-0.994998
-0.995080
-0.995160
-0.995240
-0.995319
-0.995397
-0.995474
-0.995550
-0.995625
-0.995699
-0.995772
-0.995844
-0.995915
-0.995985
-0.996055
-0.996123
-0.996191
-0.996257
-0.996323
-0.996388
-0.996452
-0.996516
-0.996578
-0.996640
-0.996700
-0.996760
-0.996820
-0.996878
-0.996935
-0.996992
-0.997048
-0.997103
-0.997157
-0.997211
-0.997264
-0.997316
-0.997367
-0.997418
-0.997468
-0.997517
-0.997565
-0.997613
-0.997660
-0.997707
-0.997752
-0.997797
-0.997841
-0.997885
-0.997928
-0.997970
-0.998012
-0.998053
-0.998093
-0.998133
-0.998172
-0.998211
-0.998249
-0.998286
-0.998323
-0.998359
-0.998394
-0.998429
-0.998464
-0.998498
-0.998531
-0.998563
-0.998596
-0.998627
-0.998658
-0.998689
-0.998719
-0.998748
-0.998777
-0.998806
-0.998834
-0.998861
-0.998888
-0.998915
-0.998941
-0.998967
-0.998992
-0.999016
-0.999041
-0.999064
-0.999088
-0.999110
-0.999133
-0.999155
-0.999177
-0.999198
-0.999218
-0.999239
-0.999259
-0.999278
-0.999298
-0.999316
-0.999335
-0.999353
-0.999370
-0.999388
-0.999405
-0.999421
-0.999438
-0.999454
-0.999469
-0.999484
-0.999499
-0.999514
-0.999528
-0.999542
-0.999556
-0.999569
-0.999582
-0.999595
-0.999607
-0.999619
-0.999631
-0.999643
-0.999654
-0.999665
-0.999676
-0.999686
-0.999697
-0.999707
-0.999716
-0.999726
-0.999735
-0.999744
-0.999753
-0.999762
-0.999770
-0.999778
-0.999786
-0.999794
-0.999801
-0.999808
-0.999815
-0.999822
-0.999829
-0.999836
-0.999842
-0.999848
-0.999854
-0.999860
-0.999865
-0.999871
-0.999876
-0.999881
-0.999886
-0.999891
-0.999895
-0.999900
-0.999904
-0.999908
-0.999913
-0.999916
-0.999920
-0.999924
-0.999927
-0.999931
-0.999934
-0.999937
-0.999940
-0.999943
-0.999946
-0.999949
-0.999951
-0.999954
-0.999956
-0.999959
-0.999961
-0.999963
-0.999965
-0.999967
-0.999969
-0.999971
-0.999972
-0.999974
-0.999976
-0.999977
-0.999979
-0.999980
-0.999981
-0.999982
-0.999984
-0.999985
-0.999986
-0.999987
-0.999988
-0.999989
-0.999989
-0.999990
-0.999991
-0.999992
-0.999992
-0.999993
-0.999994
-0.999994
-0.999995
-0.999995
-0.999996
-0.999996
-0.999996
-0.999997
-0.999997
-0.999997
-0.999998
-0.999998
-0.999998
-0.999998
-0.999999
-0.999999
-0.999999
-0.999999
-0.999999
-0.999999
-0.999999
-0.999999
-1.000000
-1.000000
-1.000000
-1.000000
-1.000000
-1.000000
-1.000000
-1.000000
-1.000000
-1.000000
-1.000000
-1.000000
-1.000000
-1.000000
-1.000000
-1.000000
-1.000000
-1.000000
-1.000000
-1.000000
-1.000000
-1.000000
-1.000000
-1.000000
-1.000000
-1.000000
-1.000000
-1.000000
-1.000000
-1.000000
-1.000000
-1.000000
-1.000000
-1.000000
-1.000000
-1.000000
-1.000000
-1.000000
-1.000000
-1.000000
-1.000000
-1.000000
-1.000000
-1.000000
-1.000000
-1.000000
-1.000000
-1.000000
-0.999999
-0.999999
-0.999999
-0.999999
-0.999999
-0.999999
-0.999999
-0.999999
-0.999998
-0.999998
-0.999998
-0.999998
-0.999997
-0.999997
-0.999997
-0.999996
-0.999996
-0.999996
-0.999995
-0.999995
-0.999994
-0.999994
-0.999993
-0.999993
-0.999992
-0.999991
-0.999990
-0.999990
-0.999989
-0.999988
-0.999987
-0.999986
-0.999985
-0.999984
-0.999983
-0.999982
-0.999980
-0.999979
-0.999978
-0.999976
-0.999975
-0.999973
-0.999971
-0.999970
-0.999968
-0.999966
-0.999964
-0.999962
-0.999959
-0.999957
-0.999955
-0.999952
-0.999950
-0.999947
-0.999944
-0.999941
-0.999938
-0.999935
-0.999932
-0.999929
-0.999925
-0.999921
-0.999918
-0.999914
-0.999910
-0.999906
-0.999901
-0.999897
-0.999892
-0.999888
-0.999883
-0.999878
-0.999872
-0.999867
-0.999862
-0.999856
-0.999850
-0.999844
-0.999838
-0.999831
-0.999825
-0.999818
-0.999811
-0.999803
-0.999796
-0.999788
-0.999781
-0.999773
-0.999764
-0.999756
-0.999747
-0.999738
-0.999729
-0.999719
-0.999710
-0.999700
-0.999690
-0.999679
-0.999669
-0.999658
-0.999646
-0.999635
-0.999623
-0.999611
-0.999599
-0.999586
-0.999573
-0.999560
-0.999546
-0.999533
-0.999518
-0.999504
-0.999489
-0.999474
-0.999459
-0.999443
-0.999427
-0.999410
-0.999393
-0.999376
-0.999359
-0.999341
-0.999322
-0.999304
-0.999285
-0.999265
-0.999245
-0.999225
-0.999204
-0.999183
-0.999162
-0.999140
-0.999118
-0.999095
-0.999072
-0.999048
-0.999024
-0.999000
-0.998975
-0.998949
-0.998923
-0.998897
-0.998870
-0.998843
-0.998815
-0.998787
-0.998758
-0.998728
-0.998699
-0.998668
-0.998637
-0.998606
-0.998574
-0.998541
-0.998508
-0.998475
-0.998441
-0.998406
-0.998370
-0.998334
-0.998298
-0.998261
-0.998223
-0.998185
-0.998146
-0.998106
-0.998066
-0.998025
-0.997984
-0.997942
-0.997899
-0.997856
-0.997812
-0.997767
-0.997721
-0.997675
-0.997629
-0.997581
-0.997533
-0.997484
-0.997434
-0.997384
-0.997333
-0.997281
-0.997228
-0.997175
-0.997121
-0.997066
-0.997010
-0.996954
-0.996897
-0.996838
-0.996780
-0.996720
-0.996659
-0.996598
-0.996536
-0.996473
-0.996409
-0.996344
-0.996279
-0.996212
-0.996145
-0.996077
-0.996008
-0.995938
-0.995867
-0.995795
-0.995722
-0.995649
-0.995574
-0.995498
-0.995422
-0.995344
-0.995266
-0.995186
-0.995106
-0.995024
-0.994942
-0.994859
-0.994774
-0.994688
-0.994602
-0.994514
-0.994426
-0.994336
-0.994245
-0.994153
-0.994060
-0.993966
-0.993871
-0.993775
-0.993677
-0.993579
-0.993479
-0.993378
-0.993276
-0.993173
-0.993069
-0.992963
-0.992857
-0.992749
-0.992640
-0.992530
-0.992418
-0.992305
-0.992191
-0.992076
-0.991959
-0.991842
-0.991723
-0.991602
-0.991481
-0.991358
-0.991234
-0.991108
-0.990981
-0.990853
-0.990723
-0.990592
-0.990460
-0.990326
-0.990191
-0.990055
-0.989917
-0.989778
-0.989637
-0.989495
-0.989351
-0.989206
-0.989060
-0.988912
-0.988762
-0.988611
-0.988459
-0.988305
-0.988149
-0.987992
-0.987834
-0.987674
-0.987512
-0.987349
-0.987184
-0.987018
-0.986850
-0.986680
-0.986509
-0.986337
-0.986162
-0.985986
-0.985808
-0.985629
-0.985448
-0.985265
-0.985081
-0.984895
-0.984707
-0.984517
-0.984326
-0.984133
-0.983938
-0.983742
-0.983543
-0.983343
-0.983141
-0.982938
-0.982732
-0.982525
-0.982316
-0.982105
-0.981892
-0.981677
-0.981461
-0.981242
-0.981022
-0.980800
-0.980575
-0.980349
-0.980121
-0.979891
-0.979659
-0.979425
-0.979190
-0.978952
-0.978712
-0.978470
-0.978226
-0.977980
-0.977732
-0.977482
-0.977230
-0.976976
-0.976720
-0.976461
-0.976201
-0.975938
-0.975674
-0.975407
-0.975138
-0.974867
-0.974593
-0.974318
-0.974040
-0.973761
-0.973478
-0.973194
-0.972908
-0.972619
-0.972328
-0.972035
-0.971739
-0.971441
-0.971141
-0.970839
-0.970534
-0.970227
-0.969917
-0.969606
-0.969291
-0.968975
-0.968656
-0.968335
-0.968011
-0.967685
-0.967356
-0.967025
-0.966692
-0.966356
-0.966018
-0.965677
-0.965333
-0.964987
-0.964639
-0.964288
-0.963935
-0.963579
-0.963220
-0.962859
-0.962495
-0.962129
-0.961760
-0.961388
-0.961014
-0.960637
-0.960258
-0.959876
-0.959491
-0.959104
-0.958713
-0.958320
-0.957925
-0.957526
-0.957125
-0.956722
-0.956315
-0.955906
-0.955493
-0.955079
-0.954661
-0.954240
-0.953817
-0.953391
-0.952961
-0.952529
-0.952095
-0.951657
-0.951216
-0.950773
-0.950326
-0.949877
-0.949424
-0.948969
-0.948511
-0.948050
-0.947585
-0.947118
-0.946648
-0.946175
-0.945698
-0.945219
-0.944737
-0.944251
-0.943763
-0.943271
-0.942776
-0.942278
-0.941777
-0.941273
-0.940766
-0.940256
-0.939742
-0.939225
-0.938705
-0.938182
-0.937656
-0.937126
-0.936593
-0.936057
-0.935518
-0.934975
-0.934429
-0.933880
-0.933328
-0.932772
-0.932213
-0.931650
-0.931084
-0.930515
-0.929943
-0.929367
-0.928787
-0.928205
-0.927619
-0.927029
-0.926436
-0.925839
-0.925239
-0.924636
-0.924029
-0.923419
-0.922805
-0.922187
-0.921567
-0.920942
-0.920314
-0.919682
-0.919047
-0.918409
-0.917766
-0.917120
-0.916471
-0.915817
-0.915161
-0.914500
-0.913836
-0.913168
-0.912497
-0.911822
-0.911143
-0.910460
-0.909774
-0.909084
-0.908390
-0.907692
-0.906991
-0.906286
-0.905577
-0.904864
-0.904148
-0.903428
-0.902703
-0.901975
-0.901244
-0.900508
-0.899768
-0.899025
-0.898277
-0.897526
-0.896771
-0.896012
-0.895249
-0.894482
-0.893711
-0.892936
-0.892157
-0.891374
-0.890587
-0.889796
-0.889001
-0.888202
-0.887399
-0.886592
-0.885781
-0.884966
-0.884146
-0.883323
-0.882495
-0.881664
-0.880828
-0.879988
-0.879144
-0.878296
-0.877444
-0.876587
-0.875727
-0.874862
-0.873993
-0.873119
-0.872242
-0.871360
-0.870474
-0.869584
-0.868689
-0.867791
-0.866888
-0.865980
-0.865069
-0.864153
-0.863232
-0.862308
-0.861379
-0.860446
-0.859508
-0.858566
-0.857620
-0.856669
-0.855714
-0.854754
-0.853790
-0.852822
-0.851849
-0.850872
-0.849890
-0.848904
-0.847913
-0.846918
-0.845919
-0.844914
-0.843906
-0.842893
-0.841875
-0.840853
-0.839826
-0.838795
-0.837759
-0.836719
-0.835674
-0.834624
-0.833570
-0.832512
-0.831448
-0.830380
-0.829308
-0.828231
-0.827149
-0.826063
-0.824971
-0.823876
-0.822775
-0.821670
-0.820560
-0.819446
-0.818327
-0.817203
-0.816074
-0.814941
-0.813803
-0.812660
-0.811512
-0.810360
-0.809203
-0.808041
-0.806874
-0.805703
-0.804527
-0.803346
-0.802160
-0.800969
-0.799774
-0.798573
-0.797368
-0.796158
-0.794943
-0.793724
-0.792499
-0.791270
-0.790036
-0.788796
-0.787552
-0.786303
-0.785050
-0.783791
-0.782527
-0.781258
-0.779985
-0.778706
-0.777423
-0.776135
-0.774841
-0.773543
-0.772240
-0.770932
-0.769618
-0.768300
-0.766977
-0.765649
-0.764316
-0.762978
-0.761634
-0.760286
-0.758933
-0.757575
-0.756212
-0.754843
-0.753470
-0.752092
-0.750708
-0.749320
-0.747926
-0.746527
-0.745124
-0.743715
-0.742301
-0.740882
-0.739458
-0.738029
-0.736595
-0.735155
-0.733711
-0.732261
-0.730807
-0.729347
-0.727882
-0.726412
-0.724937
-0.723457
-0.721971
-0.720481
-0.718985
-0.717484
-0.715978
-0.714467
-0.712950
-0.711429
-0.709902
-0.708370
-0.706833
-0.705291
-0.703744
-0.702191
-0.700633
-0.699070
-0.697502
-0.695929
-0.694350
-0.692767
-0.691178
-0.689584
-0.687984
-0.686380
-0.684770
-0.683155
-0.681535
-0.679910
-0.678279
-0.676643
-0.675002
-0.673356
-0.671705
-0.670048
-0.668386
-0.666719
-0.665047
-0.663369
-0.661686
-0.659998
-0.658305
-0.656606
-0.654903
-0.653194
-0.651479
-0.649760
-0.648035
-0.646305
-0.644570
-0.642830
-0.641084
-0.639334
-0.637577
-0.635816
-0.634050
-0.632278
-0.630501
-0.628719
-0.626931
-0.625138
-0.623341
-0.621537
-0.619729
-0.617915
-0.616097
-0.614272
-0.612443
-0.610609
-0.608769
-0.606924
-0.605074
-0.603218
-0.601358
-0.599492
-0.597621
-0.595745
-0.593863
-0.591977
-0.590085
-0.588188
-0.586286
-0.584378
-0.582466
-0.580548
-0.578625
-0.576697
-0.574763
-0.572825
-0.570881
-0.568932
-0.566978
-0.565019
-0.563055
-0.561085
-0.559110
-0.557131
-0.555146
-0.553156
-0.551160
-0.549160
-0.547155
-0.545144
-0.543128
-0.541107
-0.539081
-0.537050
-0.535014
-0.532973
-0.530927
-0.528875
-0.526819
-0.524757
-0.522691
-0.520619
-0.518542
-0.516460
-0.514373
-0.512282
-0.510185
-0.508083
-0.505976
-0.503864
-0.501747
-0.499625
-0.497498
-0.495366
-0.493229
-0.491087
-0.488940
-0.486788
-0.484631
-0.482470
-0.480303
-0.478131
-0.475955
-0.473773
-0.471587
-0.469396
-0.467200
-0.464999
-0.462793
-0.460582
-0.458366
-0.456146
-0.453920
-0.451690
-0.449455
-0.447216
-0.444971
-0.442722
-0.440467
-0.438208
-0.435945
-0.433676
-0.431403
-0.429125
-0.426842
-0.424555
-0.422263
-0.419966
-0.417664
-0.415358
-0.413047
-0.410732
-0.408411
-0.406087
-0.403757
-0.401423
-0.399084
-0.396741
-0.394393
-0.392041
-0.389684
-0.387322
-0.384956
-0.382586
-0.380211
-0.377831
-0.375447
-0.373058
-0.370665
-0.368268
-0.365866
-0.363460
-0.361049
-0.358634
-0.356214
-0.353790
-0.351362
-0.348929
-0.346492
-0.344051
-0.341605
-0.339155
-0.336701
-0.334243
-0.331780
-0.329313
-0.326842
-0.324366
-0.321887
-0.319403
-0.316915
-0.314423
-0.311927
-0.309427
-0.306922
-0.304414
-0.301901
-0.299384
-0.296863
-0.294339
-0.291810
-0.289277
-0.286740
-0.284200
-0.281655
-0.279106
-0.276554
-0.273997
-0.271437
-0.268873
-0.266305
-0.263733
-0.261157
-0.258577
-0.255994
-0.253407
-0.250816
-0.248221
-0.245623
-0.243021
-0.240415
-0.237806
-0.235193
-0.232576
-0.229956
-0.227332
-0.224705
-0.222074
-0.219439
-0.216801
-0.214160
-0.211515
-0.208866
-0.206214
-0.203559
-0.200900
-0.198238
-0.195573
-0.192904
-0.190232
-0.187556
-0.184877
-0.182195
-0.179510
-0.176821
-0.174130
-0.171435
-0.168737
-0.166036
-0.163331
-0.160624
-0.157913
-0.155200
-0.152483
-0.149763
-0.147040
-0.144315
-0.141586
-0.138855
-0.136120
-0.133383
-0.130643
-0.127900
-0.125154
-0.122405
-0.119653
-0.116899
-0.114142
-0.111382
-0.108620
-0.105855
-0.103087
-0.100317
-0.097544
-0.094768
-0.091990
-0.089210
-0.086427
-0.083641
-0.080853
-0.078062
-0.075269
-0.072474
-0.069676
-0.066876
-0.064074
-0.061269
-0.058462
-0.055653
-0.052842
-0.050028
-0.047213
-0.044395
-0.041575
-0.038753
-0.035928
-0.033102
-0.030274
-0.027444
-0.024611
-0.021777
-0.018941
-0.016103
-0.013263
-0.010421
-0.007578
-0.004733
-0.001886
0.000963
0.003814
0.006666
0.009520
0.012375
0.015233
0.018091
0.020952
0.023813
0.026677
0.029541
0.032408
0.035275
0.038144
0.041015
0.043886
0.046760
0.049634
0.052509
0.055386
0.058264
0.061143
0.064024
0.066905
0.069788
0.072671
0.075556
0.078442
0.081328
0.084216
0.087104
0.089993
0.092884
0.095775
0.098666
0.101559
0.104452
0.107346
0.110241
0.113137
0.116033
0.118929
0.121827
0.124724
0.127622
0.130521
0.133420
0.136320
0.139220
0.142120
0.145021
0.147922
0.150823
0.153725
0.156626
0.159528
0.162430
0.165332
0.168235
0.171137
0.174039
0.176942
0.179844
0.182746
0.185648
0.188550
0.191452
0.194354
0.197255
0.200156
0.203057
0.205958
0.208858
0.211758
0.214657
0.217556
0.220454
0.223353
0.226250
0.229147
0.232043
0.234939
0.237834
0.240728
0.243622
0.246515
0.249407
0.252298
0.255188
0.258078
0.260966
0.263854
0.266740
0.269626
0.272511
0.275394
0.278276
0.281158
0.284038
0.286916
0.289794
0.292670
0.295545
0.298419
0.301291
0.304162
0.307031
0.309899
0.312766
0.315631
0.318494
0.321356
0.324216
0.327074
0.329931
0.332786
0.335639
0.338490
0.341340
0.344187
0.347033
0.349877
0.352719
0.355558
0.358396
0.361232
0.364065
0.366897
0.369726
0.372553
0.375378
0.378200
0.381020
0.383838
0.386654
0.389467
0.392277
0.395086
0.397891
0.400694
0.403495
0.406293
0.409088
0.411880
0.414670
0.417457
0.420241
0.423023
0.425802
0.428577
0.431350
0.434120
0.436887
0.439650
0.442411
0.445169
0.447923
0.450675
0.453423
0.456168
0.458910
0.461648
0.464383
0.467115
0.469843
0.472568
0.475289
0.478007
0.480721
0.483432
0.486139
0.488843
0.491543
0.494239
0.496931
0.499620
0.502304
0.504985
0.507662
0.510336
0.513005
0.515670
0.518331
0.520988
0.523642
0.526290
0.528935
0.531576
0.534212
0.536844
0.539472
0.542096
0.544715
0.547330
0.549940
0.552546
0.555148
0.557744
0.560337
0.562925
0.565508
0.568086
0.570660
0.573229
0.575793
0.578353
0.580907
0.583457
0.586002
0.588542
0.591077
0.593607
0.596132
0.598652
0.601167
0.603676
0.606181
0.608680
0.611174
0.613663
0.616147
0.618625
0.621098
0.623565
0.626027
0.628484
0.630935
0.633380
0.635820
0.638255
0.640683
0.643107
0.645524
0.647936
0.650342
0.652742
0.655136
0.657524
0.659907
0.662284
0.664654
0.667019
0.669378
0.671730
0.674077
0.676417
0.678752
0.681080
0.683402
0.685718
0.688027
0.690330
0.692627
0.694917
0.697201
0.699479
0.701750
0.704015
0.706273
0.708524
0.710769
0.713008
0.715239
0.717464
0.719683
0.721894
0.724099
0.726297
0.728488
0.730673
0.732850
0.735021
0.737184
0.739341
0.741490
0.743633
0.745768
0.747897
0.750018
0.752132
0.754239
0.756338
0.758431
0.760516
0.762593
0.764664
0.766727
0.768783
0.770831
0.772872
0.774905
0.776931
0.778949
0.780960
0.782963
0.784958
0.786946
0.788926
0.790898
0.792863
0.794820
0.796769
0.798710
0.800643
0.802569
0.804486
0.806396
0.808298
0.810192
0.812077
0.813955
0.815824
0.817686
0.819539
0.821384
0.823221
0.825050
0.826871
0.828683
0.830487
0.832283
0.834070
0.835849
0.837620
0.839382
0.841136
0.842881
0.844618
0.846346
0.848066
0.849777
0.851480
0.853174
0.854859
0.856536
0.858204
0.859863
0.861514
0.863156
0.864789
0.866413
0.868029
0.869635
0.871233
0.872821
0.874401
0.875972
0.877534
0.879087
0.880631
0.882166
0.883692
0.885208
0.886716
0.888214
0.889704
0.891184
0.892655
0.894117
0.895569
0.897012
0.898446
0.899871
0.901286
0.902692
0.904089
0.905476
0.906854
0.908223
0.909582
0.910931
0.912271
0.913602
0.914923
0.916234
0.917536
0.918828
0.920111
0.921384
0.922647
0.923901
0.925145
0.926380
0.927604
0.928819
0.930024
0.931220
0.932406
0.933581
0.934747
0.935904
0.937050
0.938186
0.939313
0.940430
0.941536
0.942633
0.943720
0.944797
0.945863
0.946920
0.947967
0.949004
0.950031
0.951047
0.952054
0.953050
0.954037
0.955013
0.955979
0.956935
0.957881
0.958816
0.959742
0.960657
0.961562
0.962456
0.963341
0.964215
0.965079
0.965933
0.966776
0.967609
0.968431
0.969244
0.970046
0.970837
0.971618
0.972389
0.973150
0.973899
0.974639
0.975368
0.976087
0.976795
0.977493
0.978180
0.978857
0.979523
0.980179
0.980824
0.981458
0.982083
0.982696
0.983299
0.983892
0.984473
0.985045
0.985605
0.986155
0.986695
0.987224
0.987742
0.988250
0.988746
0.989233
0.989708
0.990173
0.990628
0.991071
0.991504
0.991926
0.992338
0.992739
0.993129
0.993508
0.993877
0.994235
0.994582
0.994918
0.995244
0.995559
0.995863
0.996157
0.996439
0.996711
0.996972
0.997223
0.997462
0.997691
0.997909
0.998116
0.998313
0.998498
0.998673
0.998837
0.998990
0.999133
0.999264
0.999385
0.999495
0.999594
0.999682
0.999760
0.999827
0.999882
0.999927
0.999962
0.999985
0.999998
0.999999
0.999990
0.999970
0.999940
0.999898
0.999846
0.999783
0.999709
0.999624
0.999528
0.999422
0.999304
0.999176
0.999037
0.998888
0.998727
0.998556
0.998374
0.998181
0.997977
0.997763
0.997537
0.997301
0.997055
0.996797
0.996528
0.996249
0.995959
0.995659
0.995347
0.995025
0.994692
0.994348
0.993994
0.993629
0.993253
0.992866
0.992469
0.992061
0.991642
0.991213
0.990772
0.990322
0.989860
0.989388
0.988905
0.988412
0.987908
0.987393
0.986867
0.986331
0.985785
0.985227
0.984660
0.984081
0.983492
0.982893
0.982282
0.981662
0.981030
0.980389
0.979736
0.979074
0.978400
0.977716
0.977022
0.976317
0.975602
0.974876
0.974140
0.973394
0.972637
0.971869
0.971091
0.970303
0.969505
0.968696
0.967876
0.967047
0.966207
0.965357
0.964496
0.963625
0.962744
0.961853
0.960951
0.960039
0.959117
0.958185
0.957242
0.956290
0.955327
0.954354
0.953371
0.952378
0.951374
0.950361
0.949338
0.948304
0.947260
0.946207
0.945143
0.944070
0.942986
0.941893
0.940789
0.939676
0.938552
0.937419
0.936276
0.935123
0.933960
0.932787
0.931605
0.930413
0.929211
0.927999
0.926777
0.925546
0.924305
0.923055
0.921794
0.920524
0.919245
0.917955
0.916657
0.915348
0.914030
0.912703
0.911366
0.910020
0.908664
0.907298
0.905924
0.904539
0.903146
0.901743
0.900330
0.898909
0.897478
0.896038
0.894588
0.893129
0.891661
0.890184
0.888698
0.887202
0.885698
0.884184
0.882661
0.881129
0.879588
0.878038
0.876479
0.874911
0.873334
0.871748
0.870153
0.868550
0.866937
0.865316
0.863686
0.862047
0.860399
0.858742
0.857077
0.855403
0.853721
0.852030
0.850330
0.848621
0.846904
0.845179
0.843445
0.841702
0.839951
0.838192
0.836424
0.834647
0.832863
0.831070
0.829268
0.827459
0.825641
0.823815
0.821980
0.820138
0.818287
0.816428
0.814561
0.812686
0.810803
0.808912
0.807013
0.805106
0.803191
0.801268
0.799337
0.797398
0.795452
0.793497
0.791535
0.789565
0.787588
0.785603
0.783610
0.781609
0.779601
0.777585
0.775562
0.773531
0.771493
0.769447
0.767393
0.765333
0.763265
0.761189
0.759107
0.757017
0.754919
0.752815
0.750703
0.748584
0.746458
0.744325
0.742185
0.740038
0.737883
0.735722
0.733554
0.731379
0.729197
0.727008
0.724812
0.722609
0.720400
0.718184
0.715961
0.713731
0.711495
0.709252
0.707003
0.704747
0.702484
0.700215
0.697940
0.695658
0.693369
0.691075
0.688774
0.686466
0.684152
0.681833
0.679506
0.677174
0.674836
0.672491
0.670140
0.667784
0.665421
0.663052
0.660677
0.658297
0.655910
0.653518
0.651119
0.648715
0.646306
0.643890
0.641469
0.639042
0.636609
0.634171
0.631727
0.629278
0.626823
0.624363
0.621897
0.619426
0.616950
0.614468
0.611981
0.609488
0.606991
0.604488
0.601980
0.599467
0.596949
0.594425
0.591897
0.589363
0.586825
0.584282
0.581734
0.579181
0.576623
0.574060
0.571492
0.568920
0.566343
0.563762
0.561175
0.558584
0.555989
0.553389
0.550785
0.548176
0.545562
0.542945
0.540322
0.537696
0.535065
0.532430
0.529791
0.527147
0.524500
0.521848
0.519192
0.516532
0.513868
0.511200
0.508529
0.505853
0.503173
0.500490
0.497802
0.495111
0.492416
0.489717
0.487015
0.484309
0.481600
0.478886
0.476170
0.473449
0.470726
0.467999
0.465268
0.462534
0.459797
0.457056
0.454312
0.451565
0.448815
0.446061
0.443305
0.440545
0.437782
0.435016
0.432247
0.429476
0.426701
0.423923
0.421143
0.418359
0.415573
0.412784
0.409993
0.407198
0.404401
0.401602
0.398799
0.395994
0.393187
0.390377
0.387565
0.384750
0.381933
0.379114
0.376292
0.373468
0.370642
0.367813
0.364983
0.362150
0.359315
0.356478
0.353638
0.350797
0.347954
0.345109
0.342262
0.339413
0.336562
0.333710
0.330855
0.327999
0.325142
0.322282
0.319421
0.316558
0.313694
0.310828
0.307960
0.305091
0.302221
0.299349
0.296476
0.293602
0.290726
0.287849
0.284970
0.282090
0.279210
0.276328
0.273445
0.270560
0.267675
0.264789
0.261902
0.259013
0.256124
0.253234
0.250343
0.247451
0.244559
0.241665
0.238771
0.235877
0.232981
0.230085
0.227188
0.224291
0.221393
0.218495
0.215596
0.212697
0.209797
0.206897
0.203996
0.201096
0.198195
0.195293
0.192392
0.189490
0.186588
0.183686
0.180784
0.177881
0.174979
0.172077
0.169175
0.166272
0.163370
0.160468
0.157566
0.154664
0.151763
0.148862
0.145960
0.143060
0.140159
0.137259
0.134359
0.131460
0.128561
0.125663
0.122765
0.119868
0.116971
0.114074
0.111179
0.108284
0.105390
0.102496
0.099603
0.096711
0.093820
0.090929
0.088040
0.085151
0.082263
0.079376
0.076490
0.073605
0.070721
0.067839
0.064957
0.062076
0.059197
0.056318
0.053441
0.050565
0.047690
0.044817
0.041945
0.039074
0.036204
0.033336
0.030470
0.027604
0.024741
0.021878
0.019017
0.016158
0.013301
0.010445
0.007590
0.004737
0.001886
-0.000963
-0.003811
-0.006657
-0.009501
-0.012343
-0.015184
-0.018022
-0.020859
-0.023694
-0.026527
-0.029357
-0.032186
-0.035013
-0.037838
-0.040661
-0.043482
-0.046300
-0.049117
-0.051931
-0.054743
-0.057553
-0.060361
-0.063166
-0.065969
-0.068770
-0.071568
-0.074364
-0.077158
-0.079949
-0.082738
-0.085525
-0.088309
-0.091090
-0.093869
-0.096645
-0.099419
-0.102190
-0.104959
-0.107725
-0.110488
-0.113249
-0.116007
-0.118762
-0.121514
-0.124264
-0.127011
-0.129755
-0.132496
-0.135234
-0.137969
-0.140702
-0.143431
-0.146158
-0.148882
-0.151602
-0.154320
-0.157035
-0.159746
-0.162455
-0.165160
-0.167862
-0.170561
-0.173257
-0.175950
-0.178640
-0.181326
-0.184009
-0.186689
-0.189366
-0.192039
-0.194709
-0.197375
-0.200039
-0.202698
-0.205355
-0.208008
-0.210657
-0.213304
-0.215946
-0.218585
-0.221221
-0.223853
-0.226482
-0.229107
-0.231728
-0.234346
-0.236960
-0.239571
-0.242178
-0.244781
-0.247380
-0.249976
-0.252568
-0.255157
-0.257741
-0.260322
-0.262899
-0.265472
-0.268041
-0.270607
-0.273168
-0.275726
-0.278280
-0.280830
-0.283376
-0.285918
-0.288456
-0.290990
-0.293520
-0.296046
-0.298568
-0.301086
-0.303600
-0.306110
-0.308616
-0.311118
-0.313615
-0.316109
-0.318598
-0.321083
-0.323564
-0.326041
-0.328513
-0.330982
-0.333446
-0.335905
-0.338361
-0.340812
-0.343259
-0.345702
-0.348140
-0.350574
-0.353004
-0.355429
-0.357850
-0.360267
-0.362679
-0.365087
-0.367490
-0.369889
-0.372284
-0.374674
-0.377059
-0.379440
-0.381817
-0.384189
-0.386557
-0.388920
-0.391278
-0.393632
-0.395981
-0.398326
-0.400666
-0.403002
-0.405333
-0.407659
-0.409981
-0.412298
-0.414610
-0.416918
-0.419221
-0.421519
-0.423813
-0.426102
-0.428386
-0.430666
-0.432940
-0.435211
-0.437476
-0.439736
-0.441992
-0.444243
-0.446489
-0.448730
-0.450967
-0.453199
-0.455426
-0.457648
-0.459865
-0.462077
-0.464285
-0.466487
-0.468685
-0.470878
-0.473066
-0.475249
-0.477427
-0.479600
-0.481769
-0.483932
-0.486090
-0.488244
-0.490392
-0.492536
-0.494674
-0.496808
-0.498936
-0.501060
-0.503179
-0.505292
-0.507401
-0.509504
-0.511603
-0.513697
-0.515785
-0.517868
-0.519947
-0.522020
-0.524088
-0.526152
-0.528210
-0.530263
-0.532311
-0.534354
-0.536391
-0.538424
-0.540452
-0.542474
-0.544492
-0.546504
-0.548511
-0.550513
-0.552510
-0.554502
-0.556488
-0.558470
-0.560446
-0.562417
-0.564383
-0.566344
-0.568300
-0.570250
-0.572196
-0.574136
-0.576071
-0.578001
-0.579926
-0.581845
-0.583759
-0.585668
-0.587572
-0.589471
-0.591365
-0.593253
-0.595136
-0.597014
-0.598887
-0.600754
-0.602616
-0.604473
-0.606325
-0.608172
-0.610013
-0.611850
-0.613681
-0.615506
-0.617327
-0.619142
-0.620952
-0.622757
-0.624557
-0.626351
-0.628140
-0.629924
-0.631703
-0.633476
-0.635245
-0.637008
-0.638765
-0.640518
-0.642265
-0.644007
-0.645744
-0.647476
-0.649202
-0.650923
-0.652639
-0.654350
-0.656055
-0.657755
-0.659450
-0.661140
-0.662825
-0.664504
-0.666178
-0.667847
-0.669510
-0.671169
-0.672822
-0.674470
-0.676112
-0.677750
-0.679382
-0.681009
-0.682631
-0.684248
-0.685859
-0.687465
-0.689066
-0.690662
-0.692253
-0.693838
-0.695418
-0.696993
-0.698563
-0.700128
-0.701687
-0.703241
-0.704791
-0.706334
-0.707873
-0.709407
-0.710935
-0.712458
-0.713976
-0.715489
-0.716997
-0.718499
-0.719997
-0.721489
-0.722976
-0.724458
-0.725935
-0.727407
-0.728873
-0.730335
-0.731791
-0.733242
-0.734688
-0.736129
-0.737565
-0.738996
-0.740422
-0.741842
-0.743258
-0.744668
-0.746073
-0.747474
-0.748869
-0.750259
-0.751644
-0.753024
-0.754399
-0.755769
-0.757134
-0.758494
-0.759849
-0.761198
-0.762543
-0.763883
-0.765218
-0.766548
-0.767872
-0.769192
-0.770507
-0.771817
-0.773122
-0.774421
-0.775716
-0.777006
-0.778291
-0.779571
-0.780847
-0.782117
-0.783382
-0.784642
-0.785898
-0.787148
-0.788394
-0.789635
-0.790871
-0.792102
-0.793328
-0.794549
-0.795765
-0.796977
-0.798184
-0.799386
-0.800583
-0.801775
-0.802962
-0.804145
-0.805322
-0.806495
-0.807664
-0.808827
-0.809986
-0.811140
-0.812289
-0.813433
-0.814573
-0.815708
-0.816838
-0.817963
-0.819084
-0.820200
-0.821311
-0.822418
-0.823520
-0.824617
-0.825710
-0.826798
-0.827881
-0.828960
-0.830034
-0.831103
-0.832168
-0.833228
-0.834284
-0.835335
-0.836381
-0.837423
-0.838460
-0.839493
-0.840521
-0.841545
-0.842564
-0.843578
-0.844588
-0.845594
-0.846595
-0.847591
-0.848584
-0.849571
-0.850554
-0.851533
-0.852507
-0.853477
-0.854442
-0.855403
-0.856360
-0.857312
-0.858260
-0.859203
-0.860142
-0.861077
-0.862008
-0.862934
-0.863855
-0.864773
-0.865686
-0.866594
-0.867499
-0.868399
-0.869295
-0.870186
-0.871074
-0.871957
-0.872836
-0.873710
-0.874581
-0.875447
-0.876309
-0.877167
-0.878021
-0.878870
-0.879715
-0.880557
-0.881394
-0.882227
-0.883055
-0.883880
-0.884701
-0.885517
-0.886330
-0.887138
-0.887942
-0.888743
-0.889539
-0.890331
-0.891119
-0.891904
-0.892684
-0.893460
-0.894232
-0.895001
-0.895765
-0.896525
-0.897282
-0.898034
-0.898783
-0.899528
-0.900269
-0.901006
-0.901739
-0.902468
-0.903193
-0.903915
-0.904633
-0.905347
-0.906057
-0.906763
-0.907466
-0.908164
-0.908859
-0.909551
-0.910238
-0.910922
-0.911602
-0.912279
-0.912951
-0.913620
-0.914286
-0.914947
-0.915605
-0.916260
-0.916910
-0.917557
-0.918201
-0.918841
-0.919477
-0.920110
-0.920739
-0.921365
-0.921987
-0.922605
-0.923220
-0.923832
-0.924440
-0.925044
-0.925645
-0.926243
-0.926837
-0.927428
-0.928015
-0.928599
-0.929180
-0.929757
-0.930330
-0.930900
-0.931467
-0.932031
-0.932591
-0.933148
-0.933702
-0.934252
-0.934799
-0.935343
-0.935883
-0.936420
-0.936954
-0.937485
-0.938012
-0.938536
-0.939057
-0.939575
-0.940090
-0.940601
-0.941109
-0.941615
-0.942117
-0.942615
-0.943111
-0.943604
-0.944093
-0.944580
-0.945063
-0.945544
-0.946021
-0.946495
-0.946966
-0.947434
-0.947900
-0.948362
-0.948821
-0.949277
-0.949731
-0.950181
-0.950628
-0.951073
-0.951514
-0.951953
-0.952389
-0.952822
-0.953252
-0.953679
-0.954103
-0.954525
-0.954944
-0.955359
-0.955772
-0.956183
-0.956590
-0.956995
-0.957397
-0.957796
-0.958193
-0.958586
-0.958977
-0.959366
-0.959751
-0.960134
-0.960515
-0.960892
-0.961267
-0.961640
-0.962010
-0.962377
-0.962741
-0.963103
-0.963463
-0.963820
-0.964174
-0.964526
-0.964875
-0.965222
-0.965566
-0.965907
-0.966247
-0.966583
-0.966918
-0.967249
-0.967579
-0.967906
-0.968230
-0.968552
-0.968872
-0.969189
-0.969504
-0.969817
-0.970127
-0.970435
-0.970740
-0.971043
-0.971344
-0.971643
-0.971939
-0.972233
-0.972525
-0.972814
-0.973102
-0.973387
-0.973669
-0.973950
-0.974228
-0.974504
-0.974778
-0.975050
-0.975320
-0.975587
-0.975853
-0.976116
-0.976377
-0.976636
-0.976893
-0.977148
-0.977401
-0.977651
-0.977900
-0.978147
-0.978391
-0.978634
-0.978874
-0.979113
-0.979349
-0.979584
-0.979816
-0.980047
-0.980276
-0.980502
-0.980727
-0.980950
-0.981171
-0.981390
-0.981607
-0.981823
-0.982036
-0.982248
-0.982457
-0.982665
-0.982871
-0.983076
-0.983278
-0.983479
-0.983678
-0.983875
-0.984070
-0.984264
-0.984456
-0.984646
-0.984834
-0.985021
-0.985206
-0.985389
-0.985571
-0.985750
-0.985929
-0.986105
-0.986280
-0.986454
-0.986625
-0.986795
-0.986964
-0.987131
-0.987296
-0.987460
-0.987622
-0.987782
-0.987941
-0.988099
-0.988255
-0.988409
-0.988562
-0.988713
-0.988863
-0.989012
-0.989159
-0.989304
-0.989448
-0.989591
-0.989732
-0.989872
-0.990010
-0.990147
-0.990283
-0.990417
-0.990550
-0.990681
-0.990811
-0.990940
-0.991067
-0.991193
-0.991318
-0.991441
-0.991563
-0.991684
-0.991803
-0.991921
-0.992038
-0.992154
-0.992268
-0.992382
-0.992494
-0.992604
-0.992714
-0.992822
-0.992929
-0.993035
-0.993140
-0.993243
-0.993345
-0.993447
-0.993547
-0.993646
-0.993743
-0.993840
-0.993935
-0.994030
-0.994123
-0.994215
-0.994307
-0.994397
-0.994486
-0.994574
-0.994661
-0.994746
-0.994831
-0.994915
-0.994998
-0.995080
-0.995160
-0.995240
-0.995319
-0.995397
-0.995474
-0.995550
-0.995625
-0.995699
-0.995772
-0.995844
-0.995915
-0.995985
-0.996055
-0.996123
-0.996191
-0.996257
-0.996323
-0.996388
-0.996452
-0.996516
-0.996578
-0.996640
-0.996700
-0.996760
-0.996820
-0.996878
-0.996935
-0.996992
-0.997048
-0.997103
-0.997157
-0.997211
-0.997264
-0.997316
-0.997367
-0.997418
-0.997468
-0.997517
-0.997565
-0.997613
-0.997660
-0.997707
-0.997752
-0.997797
-0.997841
-0.997885
-0.997928
-0.997970
-0.998012
-0.998053
-0.998093
-0.998133
-0.998172
-0.998211
-0.998249
-0.998286
-0.998323
-0.998359
-0.998394
-0.998429
-0.998464
-0.998498
-0.998531
-0.998563
-0.998596
-0.998627
-0.998658
-0.998689
-0.998719
-0.998748
-0.998777
-0.998806
-0.998834
-0.998861
-0.998888
-0.998915
-0.998941
-0.998967
-0.998992
-0.999016
-0.999041
-0.999064
-0.999088
-0.999110
-0.999133
-0.999155
-0.999177
-0.999198
-0.999218
-0.999239
-0.999259
-0.999278
-0.999298
-0.999316
-0.999335
-0.999353
-0.999370
-0.999388
-0.999405
-0.999421
-0.999438
-0.999454
-0.999469
-0.999484
-0.999499
-0.999514
-0.999528
-0.999542
-0.999556
-0.999569
-0.999582
-0.999595
-0.999607
-0.999619
-0.999631
-0.999643
-0.999654
-0.999665
-0.999676
-0.999686
-0.999697
-0.999707
-0.999716
-0.999726
-0.999735
-0.999744
-0.999753
-0.999762
-0.999770
-0.999778
-0.999786
-0.999794
-0.999801
-0.999808
-0.999815
-0.999822
-0.999829
-0.999836
-0.999842
-0.999848
-0.999854
-0.999860
-0.999865
-0.999871
-0.999876
-0.999881
-0.999886
-0.999891
-0.999895
-0.999900
-0.999904
-0.999908
-0.999913
-0.999916
-0.999920
-0.999924
-0.999927
-0.999931
-0.999934
-0.999937
-0.999940
-0.999943
-0.999946
-0.999949
-0.999951
-0.999954
-0.999956
-0.999959
-0.999961
-0.999963
-0.999965
-0.999967
-0.999969
-0.999971
-0.999972
-0.999974
-0.999976
-0.999977
-0.999979
-0.999980
-0.999981
-0.999982
-0.999984
-0.999985
-0.999986
-0.999987
-0.999988
-0.999989
-0.999989
-0.999990
-0.999991
-0.999992
-0.999992
-0.999993
-0.999994
-0.999994
-0.999995
-0.999995
-0.999996
-0.999996
-0.999996
-0.999997
-0.999997
-0.999997
-0.999998
-0.999998
-0.999998
-0.999998
-0.999999
-0.999999
-0.999999
-0.999999
-0.999999
-0.999999
-0.999999
-0.999999
-1.000000
-1.000000
-1.000000
-1.000000
-1.000000
-1.000000
-1.000000
-1.000000
-1.000000
-1.000000
-1.000000
-1.000000
-1.000000
-1.000000
-1.000000
-1.000000
-1.000000
-1.000000
-1.000000
-1.000000
-1.000000
-1.000000
-1.000000
-1.000000
-1.000000
-1.000000
-1.000000
-1.000000
-1.000000
-1.000000
-1.000000
-1.000000
-1.000000
-1.000000
-1.000000
-1.000000
-1.000000
-1.000000
-1.000000
-1.000000
-1.000000
-1.000000
-1.000000
-1.000000
-1.000000
-1.000000
-1.000000
-1.000000
-0.999999
-0.999999
-0.999999
-0.999999
-0.999999
-0.999999
-0.999999
-0.999999
-0.999998
-0.999998
-0.999998
-0.999998
-0.999997
-0.999997
-0.999997
-0.999996
-0.999996
-0.999996
-0.999995
-0.999995
-0.999994
-0.999994
-0.999993
-0.999993
-0.999992
-0.999991
-0.999990
-0.999990
-0.999989
-0.999988
-0.999987
-0.999986
-0.999985
-0.999984
-0.999983
-0.999982
-0.999980
-0.999979
-0.999978
-0.999976
-0.999975
-0.999973
-0.999971
-0.999970
-0.999968
-0.999966
-0.999964
-0.999962
-0.999959
-0.999957
-0.999955
-0.999952
-0.999950
-0.999947
-0.999944
-0.999941
-0.999938
-0.999935
-0.999932
-0.999929
-0.999925
-0.999921
-0.999918
-0.999914
-0.999910
-0.999906
-0.999901
-0.999897
-0.999892
-0.999888
-0.999883
-0.999878
-0.999872
-0.999867
-0.999862
-0.999856
-0.999850
-0.999844
-0.999838
-0.999831
-0.999825
-0.999818
-0.999811
-0.999803
-0.999796
-0.999788
-0.999781
-0.999773
-0.999764
-0.999756
-0.999747
-0.999738
-0.999729
-0.999719
-0.999710
-0.999700
-0.999690
-0.999679
-0.999669
-0.999658
-0.999646
-0.999635
-0.999623
-0.999611
-0.999599
-0.999586
-0.999573
-0.999560
-0.999546
-0.999533
-0.999518
-0.999504
-0.999489
-0.999474
-0.999459
-0.999443
-0.999427
-0.999410
-0.999393
-0.999376
-0.999359
-0.999341
-0.999322
-0.999304
-0.999285
-0.999265
-0.999245
-0.999225
-0.999204
-0.999183
-0.999162
-0.999140
-0.999118
-0.999095
-0.999072
-0.999048
-0.999024
-0.999000
-0.998975
-0.998949
-0.998923
-0.998897
-0.998870
-0.998843
-0.998815
-0.998787
-0.998758
-0.998728
-0.998699
-0.998668
-0.998637
-0.998606
-0.998574
-0.998541
-0.998508
-0.998475
-0.998441
-0.998406
-0.998370
-0.998334
-0.998298
-0.998261
-0.998223
-0.998185
-0.998146
-0.998106
-0.998066
-0.998025
-0.997984
-0.997942
-0.997899
-0.997856
-0.997812
-0.997767
-0.997721
-0.997675
-0.997629
-0.997581
-0.997533
-0.997484
-0.997434
-0.997384
-0.997333
-0.997281
-0.997228
-0.997175
-0.997121
-0.997066
-0.997010
-0.996954
-0.996897
-0.996838
-0.996780
-0.996720
-0.996659
-0.996598
-0.996536
-0.996473
-0.996409
-0.996344
-0.996279
-0.996212
-0.996145
-0.996077
-0.996008
-0.995938
-0.995867
-0.995795
-0.995722
-0.995649
-0.995574
-0.995498
-0.995422
-0.995344
-0.995266
-0.995186
-0.995106
-0.995024
-0.994942
-0.994859
-0.994774
-0.994688
-0.994602
-0.994514
-0.994426
-0.994336
-0.994245
-0.994153
-0.994060
-0.993966
-0.993871
-0.993775
-0.993677
-0.993579
-0.993479
-0.993378
-0.993276
-0.993173
-0.993069
-0.992963
-0.992857
-0.992749
-0.992640
-0.992530
-0.992418
-0.992305
-0.992191
-0.992076
-0.991959
-0.991842
-0.991723
-0.991602
-0.991481
-0.991358
-0.991234
-0.991108
-0.990981
-0.990853
-0.990723
-0.990592
-0.990460
-0.990326
-0.990191
-0.990055
-0.989917
-0.989778
-0.989637
-0.989495
-0.989351
-0.989206
-0.989060
-0.988912
-0.988762
-0.988611
-0.988459
-0.988305
-0.988149
-0.987992
-0.987834
-0.987674
-0.987512
-0.987349
-0.987184
-0.987018
-0.986850
-0.986680
-0.986509
-0.986337
-0.986162
-0.985986
-0.985808
-0.985629
-0.985448
-0.985265
-0.985081
-0.984895
-0.984707
-0.984517
-0.984326
-0.984133
-0.983938
-0.983742
-0.983543
-0.983343
-0.983141
-0.982938
-0.982732
-0.982525
-0.982316
-0.982105
-0.981892
-0.981677
-0.981461
-0.981242
-0.981022
-0.980800
-0.980575
-0.980349
-0.980121
-0.979891
-0.979659
-0.979425
-0.979190
-0.978952
-0.978712
-0.978470
-0.978226
-0.977980
-0.977732
-0.977482
-0.977230
-0.976976
-0.976720
-0.976461
-0.976201
-0.975938
-0.975674
-0.975407
-0.975138
-0.974867
-0.974593
-0.974318
-0.974040
-0.973761
-0.973478
-0.973194
-0.972908
-0.972619
-0.972328
-0.972035
-0.971739
-0.971441
-0.971141
-0.970839
-0.970534
-0.970227
-0.969917
-0.969606
-0.969291
-0.968975
-0.968656
-0.968335
-0.968011
-0.967685
-0.967356
-0.967025
-0.966692
-0.966356
-0.966018
-0.965677
-0.965333
-0.964987
-0.964639
-0.964288
-0.963935
-0.963579
-0.963220
-0.962859
-0.962495
-0.962129
-0.961760
-0.961388
-0.961014
-0.960637
-0.960258
-0.959876
-0.959491
-0.959104
-0.958713
-0.958320
-0.957925
-0.957526
-0.957125
-0.956722
-0.956315
-0.955906
-0.955493
-0.955079
-0.954661
-0.954240
-0.953817
-0.953391
-0.952961
-0.952529
-0.952095
-0.951657
-0.951216
-0.950773
-0.950326
-0.949877
-0.949424
-0.948969
-0.948511
-0.948050
-0.947585
-0.947118
-0.946648
-0.946175
-0.945698
-0.945219
-0.944737
-0.944251
-0.943763
-0.943271
-0.942776
-0.942278
-0.941777
-0.941273
-0.940766
-0.940256
-0.939742
-0.939225
-0.938705
-0.938182
-0.937656
-0.937126
-0.936593
-0.936057
-0.935518
-0.934975
-0.934429
-0.933880
-0.933328
-0.932772
-0.932213
-0.931650
-0.931084
-0.930515
-0.929943
-0.929367
-0.928787
-0.928205
-0.927619
-0.927029
-0.926436
-0.925839
-0.925239
-0.924636
-0.924029
-0.923419
-0.922805
-0.922187
-0.921567
-0.920942
-0.920314
-0.919682
-0.919047
-0.918409
-0.917766
-0.917120
-0.916471
-0.915817
-0.915161
-0.914500
-0.913836
-0.913168
-0.912497
-0.911822
-0.911143
-0.910460
-0.909774
-0.909084
-0.908390
-0.907692
-0.906991
-0.906286
-0.905577
-0.904864
-0.904148
-0.903428
-0.902703
-0.901975
-0.901244
-0.900508
-0.899768
-0.899025
-0.898277
-0.897526
-0.896771
-0.896012
-0.895249
-0.894482
-0.893711
-0.892936
-0.892157
-0.891374
-0.890587
-0.889796
-0.889001
-0.888202
-0.887399
-0.886592
-0.885781
-0.884966
-0.884146
-0.883323
-0.882495
-0.881664
-0.880828
-0.879988
-0.879144
-0.878296
-0.877444
-0.876587
-0.875727
-0.874862
-0.873993
-0.873119
-0.872242
-0.871360
-0.870474
-0.869584
-0.868689
-0.867791
-0.866888
-0.865980
-0.865069
-0.864153
-0.863232
-0.862308
-0.861379
-0.860446
-0.859508
-0.858566
-0.857620
-0.856669
-0.855714
-0.854754
-0.853790
-0.852822
-0.851849
-0.850872
-0.849890
-0.848904
-0.847913
-0.846918
-0.845919
-0.844914
-0.843906
-0.842893
-0.841875
-0.840853
-0.839826
-0.838795
-0.837759
-0.836719
-0.835674
-0.834624
-0.833570
-0.832512
-0.831448
-0.830380
-0.829308
-0.828231
-0.827149
-0.826063
-0.824971
-0.823876
-0.822775
-0.821670
-0.820560
-0.819446
-0.818327
-0.817203
-0.816074
-0.814941
-0.813803
-0.812660
-0.811512
-0.810360
-0.809203
-0.808041
-0.806874
-0.805703
-0.804527
-0.803346
-0.802160
-0.800969
-0.799774
-0.798573
-0.797368
-0.796158
-0.794943
-0.793724
-0.792499
-0.791270
-0.790036
-0.788796
-0.787552
-0.786303
-0.785050
-0.783791
-0.782527
-0.781258
-0.779985
-0.778706
-0.777423
-0.776135
-0.774841
-0.773543
-0.772240
-0.770932
-0.769618
-0.768300
-0.766977
-0.765649
-0.764316
-0.762978
-0.761634
-0.760286
-0.758933
-0.757575
-0.756212
-0.754843
-0.753470
-0.752092
-0.750708
-0.749320
-0.747926
-0.746527
-0.745124
-0.743715
-0.742301
-0.740882
-0.739458
-0.738029
-0.736595
-0.735155
-0.733711
-0.732261
-0.730807
-0.729347
-0.727882
-0.726412
-0.724937
-0.723457
-0.721971
-0.720481
-0.718985
-0.717484
-0.715978
-0.714467
-0.712950
-0.711429
-0.709902
-0.708370
-0.706833
-0.705291
-0.703744
-0.702191
-0.700633
-0.699070
-0.697502
-0.695929
-0.694350
-0.692767
-0.691178
-0.689584
-0.687984
-0.686380
-0.684770
-0.683155
-0.681535
-0.679910
-0.678279
-0.676643
-0.675002
-0.673356
-0.671705
-0.670048
-0.668386
-0.666719
-0.665047
-0.663369
-0.661686
-0.659998
-0.658305
-0.656606
-0.654903
-0.653194
-0.651479
-0.649760
-0.648035
-0.646305
-0.644570
-0.642830
-0.641084
-0.639334
-0.637577
-0.635816
-0.634050
-0.632278
-0.630501
-0.628719
-0.626931
-0.625138
-0.623341
-0.621537
-0.619729
-0.617915
-0.616097
-0.614272
-0.612443
-0.610609
-0.608769
-0.606924
-0.605074
-0.603218
-0.601358
-0.599492
-0.597621
-0.595745
-0.593863
-0.591977
-0.590085
-0.588188
-0.586286
-0.584378
-0.582466
-0.580548
-0.578625
-0.576697
-0.574763
-0.572825
-0.570881
-0.568932
-0.566978
-0.565019
-0.563055
-0.561085
-0.559110
-0.557131
-0.555146
-0.553156
-0.551160
-0.549160
-0.547155
-0.545144
-0.543128
-0.541107
-0.539081
-0.537050
-0.535014
-0.532973
-0.530927
-0.528875
-0.526819
-0.524757
-0.522691
-0.520619
-0.518542
-0.516460
-0.514373
-0.512282
-0.510185
-0.508083
-0.505976
-0.503864
-0.501747
-0.499625
-0.497498
-0.495366
-0.493229
-0.491087
-0.488940
-0.486788
-0.484631
-0.482470
-0.480303
-0.478131
-0.475955
-0.473773
-0.471587
-0.469396
-0.467200
-0.464999
-0.462793
-0.460582
-0.458366
-0.456146
-0.453920
-0.451690
-0.449455
-0.447216
-0.444971
-0.442722
-0.440467
-0.438208
-0.435945
-0.433676
-0.431403
-0.429125
-0.426842
-0.424555
-0.422263
-0.419966
-0.417664
-0.415358
-0.413047
-0.410732
-0.408411
-0.406087
-0.403757
-0.401423
-0.399084
-0.396741
-0.394393
-0.392041
-0.389684
-0.387322
-0.384956
-0.382586
-0.380211
-0.377831
-0.375447
-0.373058
-0.370665
-0.368268
-0.365866
-0.363460
-0.361049
-0.358634
-0.356214
-0.353790
-0.351362
-0.348929
-0.346492
-0.344051
-0.341605
-0.339155
-0.336701
-0.334243
-0.331780
-0.329313
-0.326842
-0.324366
-0.321887
-0.319403
-0.316915
-0.314423
-0.311927
-0.309427
-0.306922
-0.304414
-0.301901
-0.299384
-0.296863
-0.294339
-0.291810
-0.289277
-0.286740
-0.284200
-0.281655
-0.279106
-0.276554
-0.273997
-0.271437
-0.268873
-0.266305
-0.263733
-0.261157
-0.258577
-0.255994
-0.253407
-0.250816
-0.248221
-0.245623
-0.243021
-0.240415
-0.237806
-0.235193
-0.232576
-0.229956
-0.227332
-0.224705
-0.222074
-0.219439
-0.216801
-0.214160
-0.211515
-0.208866
-0.206214
-0.203559
-0.200900
-0.198238
-0.195573
-0.192904
-0.190232
-0.187556
-0.184877
-0.182195
-0.179510
-0.176821
-0.174130
-0.171435
-0.168737
-0.166036
-0.163331
-0.160624
-0.157913
-0.155200
-0.152483
-0.149763
-0.147040
-0.144315
-0.141586
-0.138855
-0.136120
-0.133383
-0.130643
-0.127900
-0.125154
-0.122405
-0.119653
-0.116899
-0.114142
-0.111382
-0.108620
-0.105855
-0.103087
-0.100317
-0.097544
-0.094768
-0.091990
-0.089210
-0.086427
-0.083641
-0.080853
-0.078062
-0.075269
-0.072474
-0.069676
-0.066876
-0.064074
-0.061269
-0.058462
-0.055653
-0.052842
-0.050028
-0.047213
-0.044395
-0.041575
-0.038753
-0.035928
-0.033102
-0.030274
-0.027444
-0.024611
-0.021777
-0.018941
-0.016103
-0.013263
-0.010421
-0.007578
-0.004733
-0.001886
0.000963
0.003814
0.006666
0.009520
0.012375
0.015233
0.018091
0.020952
0.023813
0.026677
0.029541
0.032408
0.035275
0.038144
0.041015
0.043886
0.046760
0.049634
0.052509
0.055386
0.058264
0.061143
0.064024
0.066905
0.069788
0.072671
0.075556
0.078442
0.081328
0.084216
0.087104
0.089993
0.092884
0.095775
0.098666
0.101559
0.104452
0.107346
0.110241
0.113137
0.116033
0.118929
0.121827
0.124724
0.127622
0.130521
0.133420
0.136320
0.139220
0.142120
0.145021
0.147922
0.150823
0.153725
0.156626
0.159528
0.162430
0.165332
0.168235
0.171137
0.174039
0.176942
0.179844
0.182746
0.185648
0.188550
0.191452
0.194354
0.197255
0.200156
0.203057
0.205958
0.208858
0.211758
0.214657
0.217556
0.220454
0.223353
0.226250
0.229147
0.232043
0.234939
0.237834
0.240728
0.243622
0.246515
0.249407
0.252298
0.255188
0.258078
0.260966
0.263854
0.266740
0.269626
0.272511
0.275394
0.278276
0.281158
0.284038
0.286916
0.289794
0.292670
0.295545
0.298419
0.301291
0.304162
0.307031
0.309899
0.312766
0.315631
0.318494
0.321356
0.324216
0.327074
0.329931
0.332786
0.335639
0.338490
0.341340
0.344187
0.347033
0.349877
0.352719
0.355558
0.358396
0.361232
0.364065
0.366897
0.369726
0.372553
0.375378
0.378200
0.381020
0.383838
0.386654
0.389467
0.392277
0.395086
0.397891
0.400694
0.403495
0.406293
0.409088
0.411880
0.414670
0.417457
0.420241
0.423023
0.425802
0.428577
0.431350
0.434120
0.436887
0.439650
0.442411
0.445169
0.447923
0.450675
0.453423
0.456168
0.458910
0.461648
0.464383
0.467115
0.469843
0.472568
0.475289
0.478007
0.480721
0.483432
0.486139
0.488843
0.491543
0.494239
0.496931
0.499620
0.502304
0.504985
0.507662
0.510336
0.513005
0.515670
0.518331
0.520988
0.523642
0.526290
0.528935
0.531576
0.534212
0.536844
0.539472
0.542096
0.544715
0.547330
0.549940
0.552546
0.555148
0.557744
0.560337
0.562925
0.565508
0.568086
0.570660
0.573229
0.575793
0.578353
0.580907
0.583457
0.586002
0.588542
0.591077
0.593607
0.596132
0.598652
0.601167
0.603676
0.606181
0.608680
0.611174
0.613663
0.616147
0.618625
0.621098
0.623565
0.626027
0.628484
0.630935
0.633380
0.635820
0.638255
0.640683
0.643107
0.645524
0.647936
0.650342
0.652742
0.655136
0.657524
0.659907
0.662284
0.664654
0.667019
0.669378
0.671730
0.674077
0.676417
0.678752
0.681080
0.683402
0.685718
0.688027
0.690330
0.692627
0.694917
0.697201
0.699479
0.701750
0.704015
0.706273
0.708524
0.710769
0.713008
0.715239
0.717464
0.719683
0.721894
0.724099
0.726297
0.728488
0.730673
0.732850
0.735021
0.737184
0.739341
0.741490
0.743633
0.745768
0.747897
0.750018
0.752132
0.754239
0.756338
0.758431
0.760516
0.762593
0.764664
0.766727
0.768783
0.770831
0.772872
0.774905
0.776931
0.778949
0.780960
0.782963
0.784958
0.786946
0.788926
0.790898
0.792863
0.794820
0.796769
0.798710
0.800643
0.802569
0.804486
0.806396
0.808298
0.810192
0.812077
0.813955
0.815824
0.817686
0.819539
0.821384
0.823221
0.825050
0.826871
0.828683
0.830487
0.832283
0.834070
0.835849
0.837620
0.839382
0.841136
0.842881
0.844618
0.846346
0.848066
0.849777
0.851480
0.853174
0.854859
0.856536
0.858204
0.859863
0.861514
0.863156
0.864789
0.866413
0.868029
0.869635
0.871233
0.872821
0.874401
0.875972
0.877534
0.879087
0.880631
0.882166
0.883692
0.885208
0.886716
0.888214
0.889704
0.891184
0.892655
0.894117
0.895569
0.897012
0.898446
0.899871
0.901286
0.902692
0.904089
0.905476
0.906854
0.908223
0.909582
0.910931
0.912271
0.913602
0.914923
0.916234
0.917536
0.918828
0.920111
0.921384
0.922647
0.923901
0.925145
0.926380
0.927604
0.928819
0.930024
0.931220
0.932406
0.933581
0.934747
0.935904
0.937050
0.938186
0.939313
0.940430
0.941536
0.942633
0.943720
0.944797
0.945863
0.946920
0.947967
0.949004
0.950031
0.951047
0.952054
0.953050
0.954037
0.955013
0.955979
0.956935
0.957881
0.958816
0.959742
0.960657
0.961562
0.962456
0.963341
0.964215
0.965079
0.965933
0.966776
0.967609
0.968431
0.969244
0.970046
0.970837
0.971618
0.972389
0.973150
0.973899
0.974639
0.975368
0.976087
0.976795
0.977493
0.978180
0.978857
0.979523
0.980179
0.980824
0.981458
0.982083
0.982696
0.983299
0.983892
0.984473
0.985045
0.985605
0.986155
0.986695
0.987224
0.987742
0.988250
0.988746
0.989233
0.989708
0.990173
0.990628
0.991071
0.991504
0.991926
0.992338
0.992739
0.993129
0.993508
0.993877
0.994235
0.994582
0.994918
0.995244
0.995559
0.995863
0.996157
0.996439
0.996711
0.996972
0.997223
0.997462
0.997691
0.997909
0.998116
0.998313
0.998498
0.998673
0.998837
0.998990
0.999133
0.999264
0.999385
0.999495
0.999594
0.999682
0.999760
0.999827
0.999882
0.999927
0.999962
0.999985
0.999998
0.999999
0.999990
0.999970
0.999940
0.999898
0.999846
0.999783
0.999709
0.999624
0.999528
0.999422
0.999304
0.999176
0.999037
0.998888
0.998727
0.998556
0.998374
0.998181
0.997977
0.997763
0.997537
0.997301
0.997055
0.996797
0.996528
0.996249
0.995959
0.995659
0.995347
0.995025
0.994692
0.994348
0.993994
0.993629
0.993253
0.992866
0.992469
0.992061
0.991642
0.991213
0.990772
0.990322
0.989860
0.989388
0.988905
0.988412
0.987908
0.987393
0.986867
0.986331
0.985785
0.985227
0.984660
0.984081
0.983492
0.982893
0.982282
0.981662
0.981030
0.980389
0.979736
0.979074
0.978400
0.977716
0.977022
0.976317
0.975602
0.974876
0.974140
0.973394
0.972637
0.971869
0.971091
0.970303
0.969505
0.968696
0.967876
0.967047
0.966207
0.965357
0.964496
0.963625
0.962744
0.961853
0.960951
0.960039
0.959117
0.958185
0.957242
0.956290
0.955327
0.954354
0.953371
0.952378
0.951374
0.950361
0.949338
0.948304
0.947260
0.946207
0.945143
0.944070
0.942986
0.941893
0.940789
0.939676
0.938552
0.937419
0.936276
0.935123
0.933960
0.932787
0.931605
0.930413
0.929211
0.927999
0.926777
0.925546
0.924305
0.923055
0.921794
0.920524
0.919245
0.917955
0.916657
0.915348
0.914030
0.912703
0.911366
0.910020
0.908664
0.907298
0.905924
0.904539
0.903146
0.901743
0.900330
0.898909
0.897478
0.896038
0.894588
0.893129
0.891661
0.890184
0.888698
0.887202
0.885698
0.884184
0.882661
0.881129
0.879588
0.878038
0.876479
0.874911
0.873334
0.871748
0.870153
0.868550
0.866937
0.865316
0.863686
0.862047
0.860399
0.858742
0.857077
0.855403
0.853721
0.852030
0.850330
0.848621
0.846904
0.845179
0.843445
0.841702
0.839951
0.838192
0.836424
0.834647
0.832863
0.831070
0.829268
0.827459
0.825641
0.823815
0.821980
0.820138
0.818287
0.816428
0.814561
0.812686
0.810803
0.808912
0.807013
0.805106
0.803191
0.801268
0.799337
0.797398
0.795452
0.793497
0.791535
0.789565
0.787588
0.785603
0.783610
0.781609
0.779601
0.777585
0.775562
0.773531
0.771493
0.769447
0.767393
0.765333
0.763265
0.761189
0.759107
0.757017
0.754919
0.752815
0.750703
0.748584
0.746458
0.744325
0.742185
0.740038
0.737883
0.735722
0.733554
0.731379
0.729197
0.727008
0.724812
0.722609
0.720400
0.718184
0.715961
0.713731
0.711495
0.709252
0.707003
0.704747
0.702484
0.700215
0.697940
0.695658
0.693369
0.691075
0.688774
0.686466
0.684152
0.681833
0.679506
0.677174
0.674836
0.672491
0.670140
0.667784
0.665421
0.663052
0.660677
0.658297
0.655910
0.653518
0.651119
0.648715
0.646306
0.643890
0.641469
0.639042
0.636609
0.634171
0.631727
0.629278
0.626823
0.624363
0.621897
0.619426
0.616950
0.614468
0.611981
0.609488
0.606991
0.604488
0.601980
0.599467
0.596949
0.594425
0.591897
0.589363
0.586825
0.584282
0.581734
0.579181
0.576623
0.574060
0.571492
0.568920
0.566343
0.563762
0.561175
0.558584
0.555989
0.553389
0.550785
0.548176
0.545562
0.542945
0.540322
0.537696
0.535065
0.532430
0.529791
0.527147
0.524500
0.521848
0.519192
0.516532
0.513868
0.511200
0.508529
0.505853
0.503173
0.500490
0.497802
0.495111
0.492416
0.489717
0.487015
0.484309
0.481600
0.478886
0.476170
0.473449
0.470726
0.467999
0.465268
0.462534
0.459797
0.457056
0.454312
0.451565
0.448815
0.446061
0.443305
0.440545
0.437782
0.435016
0.432247
0.429476
0.426701
0.423923
0.421143
0.418359
0.415573
0.412784
0.409993
0.407198
0.404401
0.401602
0.398799
0.395994
0.393187
0.390377
0.387565
0.384750
0.381933
0.379114
0.376292
0.373468
0.370642
0.367813
0.364983
0.362150
0.359315
0.356478
0.353638
0.350797
0.347954
0.345109
0.342262
0.339413
0.336562
0.333710
0.330855
0.327999
0.325142
0.322282
0.319421
0.316558
0.313694
0.310828
0.307960
0.305091
0.302221
0.299349
0.296476
0.293602
0.290726
0.287849
0.284970
0.282090
0.279210
0.276328
0.273445
0.270560
0.267675
0.264789
0.261902
0.259013
0.256124
0.253234
0.250343
0.247451
0.244559
0.241665
0.238771
0.235877
0.232981
0.230085
0.227188
0.224291
0.221393
0.218495
0.215596
0.212697
0.209797
0.206897
0.203996
0.201096
0.198195
0.195293
0.192392
0.189490
0.186588
0.183686
0.180784
0.177881
0.174979
0.172077
0.169175
0.166272
0.163370
0.160468
0.157566
0.154664
0.151763
0.148862
0.145960
0.143060
0.140159
0.137259
0.134359
0.131460
0.128561
0.125663
0.122765
0.119868
0.116971
0.114074
0.111179
0.108284
0.105390
0.102496
0.099603
0.096711
0.093820
0.090929
0.088040
0.085151
0.082263
0.079376
0.076490
0.073605
0.070721
0.067839
0.064957
0.062076
0.059197
0.056318
0.053441
0.050565
0.047690
0.044817
0.041945
0.039074
0.036204
0.033336
0.030470
0.027604
0.024741
0.021878
0.019017
0.016158
0.013301
0.010445
0.007590
0.004737
0.001886
-0.000963
