0.202893
0.199992
0.197091
0.194190
0.191288
0.188386
0.185484
0.182582
0.179680
0.176778
0.173875
0.170973
0.168071
0.165169
0.162267
0.159365
0.156463
0.153561
0.150660
0.147758
0.144857
0.141957
0.139056
0.136156
0.133257
0.130358
0.127459
0.124561
0.121663
0.118766
0.115869
0.112973
0.110078
0.107183
0.104289
0.101396
0.098503
0.095612
0.092721
0.089830
0.086941
0.084053
0.081165
0.078279
0.075393
0.072509
0.069625
0.066743
0.063861
0.060981
0.058102
0.055224
0.052347
0.049472
0.046597
0.043724
0.040853
0.037982
0.035114
0.032246
0.029380
0.026515
0.023652
0.020790
0.017930
0.015071
0.012214
0.009359
0.006505
0.003653
0.000803
-0.002046
-0.004893
-0.007738
-0.010582
-0.013423
-0.016263
-0.019101
-0.021937
-0.024771
-0.027603
-0.030433
-0.033262
-0.036088
-0.038912
-0.041734
-0.044554
-0.047372
-0.050187
-0.053001
-0.055812
-0.058621
-0.061428
-0.064232
-0.067034
-0.069834
-0.072632
-0.075427
-0.078220
-0.081010
-0.083798
-0.086584
-0.089367
-0.092147
-0.094925
-0.097700
-0.100473
-0.103243
-0.106011
-0.108776
-0.111538
-0.114298
-0.117055
-0.119809
-0.122560
-0.125309
-0.128054
-0.130797
-0.133537
-0.136275
-0.139009
-0.141740
-0.144469
-0.147194
-0.149917
-0.152636
-0.155353
-0.158066
-0.160777
-0.163484
-0.166188
-0.168889
-0.171587
-0.174282
-0.176973
-0.179662
-0.182347
-0.185029
-0.187707
-0.190382
-0.193054
-0.195723
-0.198388
-0.201050
-0.203709
-0.206364
-0.209016
-0.211664
-0.214309
-0.216950
-0.219588
-0.222222
-0.224853
-0.227480
-0.230104
-0.232724
-0.235341
-0.237953
-0.240563
-0.243168
-0.245770
-0.248368
-0.250962
-0.253553
-0.256140
-0.258723
-0.261302
-0.263878
-0.266450
-0.269017
-0.271581
-0.274142
-0.276698
-0.279250
-0.281799
-0.284343
-0.286884
-0.289420
-0.291953
-0.294481
-0.297006
-0.299526
-0.302043
-0.304555
-0.307063
-0.309568
-0.312068
-0.314564
-0.317056
-0.319543
-0.322027
-0.324506
-0.326981
-0.329452
-0.331919
-0.334382
-0.336840
-0.339294
-0.341743
-0.344189
-0.346630
-0.349067
-0.351499
-0.353927
-0.356351
-0.358770
-0.361185
-0.363595
-0.366001
-0.368403
-0.370800
-0.373193
-0.375582
-0.377965
-0.380345
-0.382720
-0.385090
-0.387456
-0.389817
-0.392174
-0.394526
-0.396873
-0.399216
-0.401555
-0.403889
-0.406218
-0.408542
-0.410862
-0.413178
-0.415488
-0.417794
-0.420096
-0.422392
-0.424684
-0.426971
-0.429254
-0.431531
-0.433804
-0.436072
-0.438336
-0.440595
-0.442849
-0.445098
-0.447342
-0.449582
-0.451816
-0.454046
-0.456271
-0.458491
-0.460707
-0.462917
-0.465123
-0.467324
-0.469520
-0.471711
-0.473897
-0.476078
-0.478254
-0.480425
-0.482592
-0.484753
-0.486910
-0.489061
-0.491208
-0.493350
-0.495486
-0.497618
-0.499745
-0.501866
-0.503983
-0.506095
-0.508201
-0.510303
-0.512400
-0.514491
-0.516578
-0.518659
-0.520736
-0.522807
-0.524874
-0.526935
-0.528991
-0.531042
-0.533088
-0.535129
-0.537165
-0.539196
-0.541221
-0.543242
-0.545257
-0.547268
-0.549273
-0.551273
-0.553268
-0.555258
-0.557242
-0.559222
-0.561196
-0.563166
-0.565130
-0.567089
-0.569042
-0.570991
-0.572934
-0.574872
-0.576806
-0.578733
-0.580656
-0.582574
-0.584486
-0.586393
-0.588295
-0.590192
-0.592083
-0.593970
-0.595851
-0.597727
-0.599597
-0.601463
-0.603323
-0.605178
-0.607028
-0.608873
-0.610712
-0.612546
-0.614375
-0.616199
-0.618018
-0.619831
-0.621639
-0.623442
-0.625240
-0.627032
-0.628819
-0.630601
-0.632378
-0.634149
-0.635916
-0.637677
-0.639432
-0.641183
-0.642928
-0.644668
-0.646403
-0.648133
-0.649857
-0.651576
-0.653290
-0.654999
-0.656702
-0.658401
-0.660094
-0.661781
-0.663464
-0.665141
-0.666813
-0.668480
-0.670142
-0.671798
-0.673449
-0.675095
-0.676736
-0.678371
-0.680002
-0.681627
-0.683247
-0.684861
-0.686471
-0.688075
-0.689674
-0.691268
-0.692856
-0.694440
-0.696018
-0.697591
-0.699159
-0.700721
-0.702279
-0.703831
-0.705378
-0.706920
-0.708457
-0.709988
-0.711515
-0.713036
-0.714552
-0.716063
-0.717569
-0.719069
-0.720565
-0.722055
-0.723540
-0.725020
-0.726495
-0.727965
-0.729430
-0.730889
-0.732343
-0.733793
-0.735237
-0.736676
-0.738110
-0.739539
-0.740962
-0.742381
-0.743795
-0.745203
-0.746606
-0.748005
-0.749398
-0.750786
-0.752169
-0.753548
-0.754921
-0.756289
-0.757652
-0.759010
-0.760362
-0.761710
-0.763053
-0.764391
-0.765724
-0.767052
-0.768375
-0.769693
-0.771006
-0.772313
-0.773616
-0.774914
-0.776207
-0.777496
-0.778779
-0.780057
-0.781330
-0.782598
-0.783862
-0.785120
-0.786374
-0.787623
-0.788866
-0.790105
-0.791339
-0.792568
-0.793793
-0.795012
-0.796227
-0.797436
-0.798641
-0.799841
-0.801036
-0.802227
-0.803412
-0.804593
-0.805769
-0.806940
-0.808107
-0.809268
-0.810425
-0.811577
-0.812724
-0.813867
-0.815005
-0.816138
-0.817266
-0.818390
-0.819509
-0.820623
-0.821733
-0.822837
-0.823938
-0.825033
-0.826124
-0.827210
-0.828292
-0.829369
-0.830441
-0.831508
-0.832572
-0.833630
-0.834684
-0.835733
-0.836778
-0.837818
-0.838853
-0.839884
-0.840911
-0.841933
-0.842950
-0.843963
-0.844971
-0.845975
-0.846974
-0.847969
-0.848960
-0.849946
-0.850927
-0.851904
-0.852877
-0.853845
-0.854808
-0.855768
-0.856723
-0.857673
-0.858619
-0.859561
-0.860498
-0.861431
-0.862360
-0.863285
-0.864205
-0.865120
-0.866032
-0.866939
-0.867842
-0.868740
-0.869634
-0.870524
-0.871410
-0.872292
-0.873169
-0.874042
-0.874911
-0.875775
-0.876636
-0.877492
-0.878344
-0.879192
-0.880036
-0.880875
-0.881711
-0.882542
-0.883370
-0.884193
-0.885012
-0.885827
-0.886638
-0.887444
-0.888247
-0.889046
-0.889841
-0.890631
-0.891418
-0.892201
-0.892980
-0.893754
-0.894525
-0.895292
-0.896055
-0.896814
-0.897569
-0.898320
-0.899067
-0.899810
-0.900549
-0.901285
-0.902017
-0.902744
-0.903468
-0.904188
-0.904905
-0.905617
-0.906326
-0.907031
-0.907732
-0.908429
-0.909123
-0.909813
-0.910499
-0.911181
-0.911860
-0.912535
-0.913206
-0.913874
-0.914538
-0.915198
-0.915854
-0.916507
-0.917157
-0.917803
-0.918445
-0.919083
-0.919718
-0.920350
-0.920977
-0.921602
-0.922222
-0.922840
-0.923453
-0.924063
-0.924670
-0.925273
-0.925873
-0.926469
-0.927062
-0.927652
-0.928238
-0.928820
-0.929399
-0.929975
-0.930547
-0.931116
-0.931682
-0.932244
-0.932803
-0.933359
-0.933911
-0.934460
-0.935006
-0.935548
-0.936088
-0.936624
-0.937156
-0.937686
-0.938212
-0.938735
-0.939255
-0.939771
-0.940285
-0.940795
-0.941302
-0.941806
-0.942307
-0.942804
-0.943299
-0.943790
-0.944279
-0.944764
-0.945246
-0.945725
-0.946201
-0.946675
-0.947145
-0.947612
-0.948076
-0.948537
-0.948995
-0.949450
-0.949902
-0.950351
-0.950798
-0.951241
-0.951682
-0.952119
-0.952554
-0.952986
-0.953415
-0.953841
-0.954264
-0.954684
-0.955102
-0.955517
-0.955929
-0.956338
-0.956744
-0.957148
-0.957549
-0.957947
-0.958343
-0.958735
-0.959125
-0.959513
-0.959897
-0.960279
-0.960659
-0.961035
-0.961409
-0.961781
-0.962150
-0.962516
-0.962879
-0.963240
-0.963599
-0.963955
-0.964308
-0.964659
-0.965007
-0.965353
-0.965696
-0.966037
-0.966375
-0.966711
-0.967044
-0.967375
-0.967703
-0.968029
-0.968353
-0.968674
-0.968993
-0.969309
-0.969623
-0.969935
-0.970244
-0.970551
-0.970856
-0.971158
-0.971458
-0.971756
-0.972051
-0.972344
-0.972635
-0.972924
-0.973210
-0.973494
-0.973776
-0.974056
-0.974334
-0.974609
-0.974882
-0.975153
-0.975422
-0.975689
-0.975953
-0.976216
-0.976476
-0.976734
-0.976990
-0.977244
-0.977496
-0.977746
-0.977994
-0.978240
-0.978484
-0.978725
-0.978965
-0.979203
-0.979439
-0.979672
-0.979904
-0.980134
-0.980362
-0.980588
-0.980812
-0.981034
-0.981255
-0.981473
-0.981689
-0.981904
-0.982117
-0.982328
-0.982537
-0.982744
-0.982949
-0.983153
-0.983355
-0.983555
-0.983753
-0.983949
-0.984144
-0.984337
-0.984528
-0.984718
-0.984905
-0.985091
-0.985276
-0.985458
-0.985639
-0.985818
-0.985996
-0.986172
-0.986346
-0.986519
-0.986690
-0.986860
-0.987027
-0.987194
-0.987358
-0.987521
-0.987683
-0.987843
-0.988001
-0.988158
-0.988314
-0.988467
-0.988620
-0.988771
-0.988920
-0.989068
-0.989214
-0.989359
-0.989503
-0.989645
-0.989785
-0.989925
-0.990062
-0.990199
-0.990334
-0.990467
-0.990600
-0.990731
-0.990860
-0.990988
-0.991115
-0.991241
-0.991365
-0.991488
-0.991609
-0.991729
-0.991848
-0.991966
-0.992083
-0.992198
-0.992312
-0.992424
-0.992536
-0.992646
-0.992755
-0.992863
-0.992969
-0.993075
-0.993179
-0.993282
-0.993384
-0.993485
-0.993584
-0.993683
-0.993780
-0.993876
-0.993972
-0.994066
-0.994158
-0.994250
-0.994341
-0.994431
-0.994519
-0.994607
-0.994693
-0.994779
-0.994863
-0.994947
-0.995029
-0.995110
-0.995191
-0.995270
-0.995349
-0.995426
-0.995503
-0.995578
-0.995653
-0.995726
-0.995799
-0.995871
-0.995942
-0.996012
-0.996081
-0.996149
-0.996216
-0.996283
-0.996348
-0.996413
-0.996477
-0.996540
-0.996602
-0.996663
-0.996723
-0.996783
-0.996842
-0.996900
-0.996957
-0.997013
-0.997069
-0.997124
-0.997178
-0.997231
-0.997284
-0.997336
-0.997387
-0.997437
-0.997487
-0.997536
-0.997584
-0.997631
-0.997678
-0.997724
-0.997769
-0.997814
-0.997858
-0.997902
-0.997944
-0.997986
-0.998028
-0.998068
-0.998109
-0.998148
-0.998187
-0.998225
-0.998263
-0.998300
-0.998337
-0.998372
-0.998408
-0.998442
-0.998477
-0.998510
-0.998543
-0.998576
-0.998608
-0.998639
-0.998670
-0.998700
-0.998730
-0.998759
-0.998788
-0.998817
-0.998844
-0.998872
-0.998899
-0.998925
-0.998951
-0.998976
-0.999001
-0.999026
-0.999050
-0.999073
-0.999096
-0.999119
-0.999141
-0.999163
-0.999185
-0.999206
-0.999226
-0.999246
-0.999266
-0.999286
-0.999305
-0.999323
-0.999342
-0.999360
-0.999377
-0.999394
-0.999411
-0.999428
-0.999444
-0.999459
-0.999475
-0.999490
-0.999505
-0.999519
-0.999533
-0.999547
-0.999561
-0.999574
-0.999587
-0.999599
-0.999612
-0.999624
-0.999636
-0.999647
-0.999658
-0.999669
-0.999680
-0.999690
-0.999700
-0.999710
-0.999720
-0.999729
-0.999739
-0.999748
-0.999756
-0.999765
-0.999773
-0.999781
-0.999789
-0.999796
-0.999804
-0.999811
-0.999818
-0.999825
-0.999832
-0.999838
-0.999844
-0.999850
-0.999856
-0.999862
-0.999867
-0.999873
-0.999878
-0.999883
-0.999888
-0.999893
-0.999897
-0.999902
-0.999906
-0.999910
-0.999914
-0.999918
-0.999922
-0.999925
-0.999929
-0.999932
-0.999935
-0.999938
-0.999941
-0.999944
-0.999947
-0.999950
-0.999952
-0.999955
-0.999957
-0.999960
-0.999962
-0.999964
-0.999966
-0.999968
-0.999970
-0.999971
-0.999973
-0.999975
-0.999976
-0.999978
-0.999979
-0.999980
-0.999982
-0.999983
-0.999984
-0.999985
-0.999986
-0.999987
-0.999988
-0.999989
-0.999990
-0.999991
-0.999991
-0.999992
-0.999993
-0.999993
-0.999994
-0.999994
-0.999995
-0.999995
-0.999996
-0.999996
-0.999996
-0.999997
-0.999997
-0.999997
-0.999998
-0.999998
-0.999998
-0.999998
-0.999999
-0.999999
-0.999999
-0.999999
-0.999999
-0.999999
-0.999999
-0.999999
-1.000000
-1.000000
-1.000000
-1.000000
-1.000000
-1.000000
-1.000000
-1.000000
-1.000000
-1.000000
-1.000000
-1.000000
-1.000000
-1.000000
-1.000000
-1.000000
-1.000000
-1.000000
-1.000000
-1.000000
-1.000000
-1.000000
-1.000000
-1.000000
-1.000000
-1.000000
-1.000000
-1.000000
-1.000000
-1.000000
-1.000000
-1.000000
-1.000000
-1.000000
-1.000000
-1.000000
-1.000000
-1.000000
-1.000000
-1.000000
-1.000000
-1.000000
-1.000000
-1.000000
-1.000000
-1.000000
-1.000000
-1.000000
-0.999999
-0.999999
-0.999999
-0.999999
-0.999999
-0.999999
-0.999999
-0.999998
-0.999998
-0.999998
-0.999998
-0.999998
-0.999997
-0.999997
-0.999997
-0.999996
-0.999996
-0.999996
-0.999995
-0.999995
-0.999994
-0.999994
-0.999993
-0.999992
-0.999992
-0.999991
-0.999990
-0.999989
-0.999989
-0.999988
-0.999987
-0.999986
-0.999985
-0.999984
-0.999982
-0.999981
-0.999980
-0.999978
-0.999977
-0.999976
-0.999974
-0.999972
-0.999971
-0.999969
-0.999967
-0.999965
-0.999963
-0.999961
-0.999959
-0.999956
-0.999954
-0.999951
-0.999949
-0.999946
-0.999943
-0.999940
-0.999937
-0.999934
-0.999931
-0.999927
-0.999924
-0.999920
-0.999916
-0.999912
-0.999908
-0.999904
-0.999900
-0.999895
-0.999891
-0.999886
-0.999881
-0.999876
-0.999870
-0.999865
-0.999859
-0.999854
-0.999848
-0.999841
-0.999835
-0.999829
-0.999822
-0.999815
-0.999808
-0.999801
-0.999793
-0.999785
-0.999778
-0.999769
-0.999761
-0.999752
-0.999744
-0.999735
-0.999725
-0.999716
-0.999706
-0.999696
-0.999686
-0.999675
-0.999664
-0.999653
-0.999642
-0.999630
-0.999619
-0.999606
-0.999594
-0.999581
-0.999568
-0.999555
-0.999541
-0.999527
-0.999513
-0.999498
-0.999483
-0.999468
-0.999453
-0.999437
-0.999420
-0.999404
-0.999387
-0.999369
-0.999352
-0.999334
-0.999315
-0.999296
-0.999277
-0.999258
-0.999238
-0.999217
-0.999197
-0.999175
-0.999154
-0.999132
-0.999109
-0.999086
-0.999063
-0.999039
-0.999015
-0.998990
-0.998965
-0.998940
-0.998913
-0.998887
-0.998860
-0.998832
-0.998804
-0.998776
-0.998747
-0.998717
-0.998687
-0.998657
-0.998625
-0.998594
-0.998562
-0.998529
-0.998496
-0.998462
-0.998427
-0.998392
-0.998357
-0.998321
-0.998284
-0.998247
-0.998209
-0.998170
-0.998131
-0.998091
-0.998051
-0.998010
-0.997968
-0.997926
-0.997883
-0.997839
-0.997795
-0.997750
-0.997704
-0.997658
-0.997611
-0.997563
-0.997514
-0.997465
-0.997415
-0.997364
-0.997313
-0.997261
-0.997208
-0.997154
-0.997100
-0.997045
-0.996989
-0.996932
-0.996875
-0.996816
-0.996757
-0.996697
-0.996636
-0.996575
-0.996512
-0.996449
-0.996385
-0.996320
-0.996254
-0.996187
-0.996119
-0.996051
-0.995981
-0.995911
-0.995840
-0.995768
-0.995694
-0.995620
-0.995545
-0.995469
-0.995392
-0.995315
-0.995236
-0.995156
-0.995075
-0.994993
-0.994910
-0.994826
-0.994742
-0.994656
-0.994569
-0.994481
-0.994392
-0.994302
-0.994210
-0.994118
-0.994025
-0.993930
-0.993835
-0.993738
-0.993640
-0.993541
-0.993441
-0.993340
-0.993237
-0.993134
-0.993029
-0.992923
-0.992816
-0.992708
-0.992598
-0.992487
-0.992375
-0.992262
-0.992148
-0.992032
-0.991915
-0.991797
-0.991677
-0.991556
-0.991434
-0.991311
-0.991186
-0.991060
-0.990932
-0.990804
-0.990674
-0.990542
-0.990409
-0.990275
-0.990139
-0.990002
-0.989864
-0.989724
-0.989583
-0.989440
-0.989296
-0.989151
-0.989003
-0.988855
-0.988705
-0.988553
-0.988400
-0.988246
-0.988090
-0.987932
-0.987773
-0.987613
-0.987450
-0.987287
-0.987121
-0.986954
-0.986786
-0.986616
-0.986444
-0.986270
-0.986095
-0.985919
-0.985740
-0.985560
-0.985379
-0.985195
-0.985010
-0.984824
-0.984635
-0.984445
-0.984253
-0.984059
-0.983864
-0.983667
-0.983468
-0.983267
-0.983064
-0.982860
-0.982654
-0.982446
-0.982236
-0.982024
-0.981811
-0.981595
-0.981378
-0.981159
-0.980938
-0.980715
-0.980490
-0.980263
-0.980034
-0.979803
-0.979571
-0.979336
-0.979099
-0.978861
-0.978620
-0.978377
-0.978133
-0.977886
-0.977637
-0.977386
-0.977134
-0.976879
-0.976622
-0.976362
-0.976101
-0.975838
-0.975572
-0.975305
-0.975035
-0.974763
-0.974489
-0.974213
-0.973934
-0.973654
-0.973371
-0.973085
-0.972798
-0.972508
-0.972217
-0.971922
-0.971626
-0.971327
-0.971026
-0.970723
-0.970417
-0.970109
-0.969799
-0.969486
-0.969171
-0.968854
-0.968534
-0.968212
-0.967887
-0.967560
-0.967231
-0.966899
-0.966564
-0.966228
-0.965888
-0.965546
-0.965202
-0.964855
-0.964506
-0.964154
-0.963800
-0.963443
-0.963083
-0.962721
-0.962356
-0.961989
-0.961619
-0.961246
-0.960871
-0.960493
-0.960113
-0.959730
-0.959344
-0.958955
-0.958564
-0.958170
-0.957774
-0.957374
-0.956972
-0.956567
-0.956160
-0.955749
-0.955336
-0.954920
-0.954501
-0.954079
-0.953655
-0.953228
-0.952797
-0.952364
-0.951928
-0.951490
-0.951048
-0.950603
-0.950156
-0.949705
-0.949252
-0.948795
-0.948336
-0.947873
-0.947408
-0.946940
-0.946468
-0.945994
-0.945516
-0.945036
-0.944552
-0.944066
-0.943576
-0.943083
-0.942587
-0.942088
-0.941586
-0.941081
-0.940572
-0.940061
-0.939546
-0.939028
-0.938507
-0.937982
-0.937455
-0.936924
-0.936390
-0.935853
-0.935312
-0.934768
-0.934221
-0.933671
-0.933117
-0.932560
-0.931999
-0.931436
-0.930868
-0.930298
-0.929724
-0.929147
-0.928566
-0.927982
-0.927395
-0.926804
-0.926209
-0.925612
-0.925010
-0.924406
-0.923797
-0.923186
-0.922571
-0.921952
-0.921329
-0.920704
-0.920074
-0.919441
-0.918805
-0.918165
-0.917521
-0.916874
-0.916223
-0.915568
-0.914910
-0.914248
-0.913583
-0.912913
-0.912240
-0.911564
-0.910884
-0.910200
-0.909512
-0.908820
-0.908125
-0.907426
-0.906723
-0.906017
-0.905306
-0.904592
-0.903874
-0.903153
-0.902427
-0.901698
-0.900964
-0.900227
-0.899486
-0.898741
-0.897992
-0.897239
-0.896483
-0.895722
-0.894957
-0.894189
-0.893416
-0.892640
-0.891860
-0.891075
-0.890287
-0.889494
-0.888698
-0.887897
-0.887093
-0.886284
-0.885471
-0.884655
-0.883834
-0.883009
-0.882180
-0.881347
-0.880509
-0.879668
-0.878822
-0.877973
-0.877119
-0.876261
-0.875398
-0.874532
-0.873661
-0.872786
-0.871907
-0.871024
-0.870136
-0.869244
-0.868348
-0.867448
-0.866543
-0.865634
-0.864721
-0.863803
-0.862881
-0.861955
-0.861025
-0.860090
-0.859150
-0.858207
-0.857259
-0.856306
-0.855349
-0.854388
-0.853422
-0.852452
-0.851478
-0.850499
-0.849516
-0.848528
-0.847535
-0.846539
-0.845537
-0.844531
-0.843521
-0.842506
-0.841487
-0.840463
-0.839435
-0.838402
-0.837364
-0.836322
-0.835275
-0.834224
-0.833168
-0.832108
-0.831043
-0.829973
-0.828899
-0.827820
-0.826736
-0.825648
-0.824555
-0.823458
-0.822356
-0.821249
-0.820137
-0.819021
-0.817900
-0.816774
-0.815644
-0.814509
-0.813369
-0.812224
-0.811075
-0.809920
-0.808762
-0.807598
-0.806429
-0.805256
-0.804078
-0.802895
-0.801708
-0.800515
-0.799318
-0.798116
-0.796909
-0.795697
-0.794480
-0.793259
-0.792032
-0.790801
-0.789565
-0.788324
-0.787078
-0.785827
-0.784571
-0.783311
-0.782045
-0.780775
-0.779499
-0.778219
-0.776934
-0.775643
-0.774348
-0.773048
-0.771743
-0.770433
-0.769118
-0.767798
-0.766473
-0.765143
-0.763808
-0.762467
-0.761122
-0.759772
-0.758417
-0.757057
-0.755692
-0.754322
-0.752946
-0.751566
-0.750181
-0.748790
-0.747395
-0.745994
-0.744589
-0.743178
-0.741762
-0.740341
-0.738915
-0.737484
-0.736048
-0.734607
-0.733160
-0.731709
-0.730252
-0.728791
-0.727324
-0.725852
-0.724375
-0.722892
-0.721405
-0.719912
-0.718415
-0.716912
-0.715404
-0.713891
-0.712372
-0.710849
-0.709320
-0.707786
-0.706247
-0.704703
-0.703154
-0.701599
-0.700040
-0.698475
-0.696905
-0.695329
-0.693749
-0.692163
-0.690572
-0.688976
-0.687375
-0.685768
-0.684157
-0.682540
-0.680918
-0.679290
-0.677658
-0.676020
-0.674377
-0.672729
-0.671075
-0.669417
-0.667753
-0.666084
-0.664409
-0.662730
-0.661045
-0.659355
-0.657660
-0.655959
-0.654253
-0.652542
-0.650826
-0.649105
-0.647378
-0.645646
-0.643909
-0.642167
-0.640419
-0.638666
-0.636908
-0.635145
-0.633376
-0.631603
-0.629824
-0.628039
-0.626250
-0.624455
-0.622655
-0.620850
-0.619040
-0.617224
-0.615403
-0.613577
-0.611746
-0.609910
-0.608068
-0.606221
-0.604369
-0.602511
-0.600649
-0.598781
-0.596908
-0.595030
-0.593147
-0.591258
-0.589364
-0.587465
-0.585561
-0.583651
-0.581737
-0.579817
-0.577892
-0.575962
-0.574027
-0.572086
-0.570141
-0.568190
-0.566234
-0.564273
-0.562306
-0.560335
-0.558358
-0.556376
-0.554389
-0.552397
-0.550400
-0.548398
-0.546391
-0.544378
-0.542360
-0.540338
-0.538310
-0.536277
-0.534239
-0.532195
-0.530147
-0.528094
-0.526035
-0.523972
-0.521903
-0.519830
-0.517751
-0.515667
-0.513579
-0.511485
-0.509386
-0.507282
-0.505173
-0.503059
-0.500940
-0.498817
-0.496688
-0.494554
-0.492415
-0.490271
-0.488122
-0.485969
-0.483810
-0.481646
-0.479478
-0.477304
-0.475126
-0.472943
-0.470754
-0.468561
-0.466363
-0.464160
-0.461953
-0.459740
-0.457522
-0.455300
-0.453073
-0.450841
-0.448604
-0.446363
-0.444116
-0.441865
-0.439609
-0.437348
-0.435083
-0.432812
-0.430537
-0.428257
-0.425973
-0.423684
-0.421390
-0.419091
-0.416788
-0.414480
-0.412167
-0.409850
-0.407528
-0.405201
-0.402870
-0.400534
-0.398194
-0.395849
-0.393499
-0.391145
-0.388786
-0.386423
-0.384055
-0.381683
-0.379306
-0.376925
-0.374539
-0.372149
-0.369754
-0.367355
-0.364951
-0.362543
-0.360131
-0.357714
-0.355293
-0.352867
-0.350437
-0.348003
-0.345564
-0.343121
-0.340674
-0.338223
-0.335767
-0.333307
-0.330842
-0.328374
-0.325901
-0.323424
-0.320943
-0.318458
-0.315968
-0.313474
-0.310977
-0.308475
-0.305969
-0.303459
-0.300944
-0.298426
-0.295904
-0.293378
-0.290847
-0.288313
-0.285775
-0.283232
-0.280686
-0.278136
-0.275582
-0.273024
-0.270462
-0.267896
-0.265327
-0.262754
-0.260176
-0.257595
-0.255011
-0.252422
-0.249830
-0.247234
-0.244634
-0.242031
-0.239424
-0.236813
-0.234198
-0.231580
-0.228959
-0.226334
-0.223705
-0.221072
-0.218437
-0.215797
-0.213154
-0.210508
-0.207858
-0.205205
-0.202548
-0.199888
-0.197225
-0.194558
-0.191888
-0.189215
-0.186538
-0.183858
-0.181175
-0.178488
-0.175798
-0.173105
-0.170409
-0.167710
-0.165007
-0.162302
-0.159593
-0.156882
-0.154167
-0.151449
-0.148728
-0.146004
-0.143278
-0.140548
-0.137815
-0.135080
-0.132341
-0.129600
-0.126856
-0.124109
-0.121359
-0.118606
-0.115851
-0.113093
-0.110332
-0.107569
-0.104803
-0.102034
-0.099263
-0.096489
-0.093712
-0.090933
-0.088152
-0.085368
-0.082581
-0.079792
-0.077001
-0.074207
-0.071410
-0.068612
-0.065811
-0.063008
-0.060202
-0.057394
-0.054584
-0.051772
-0.048958
-0.046141
-0.043323
-0.040502
-0.037679
-0.034854
-0.032027
-0.029198
-0.026367
-0.023534
-0.020699
-0.017862
-0.015023
-0.012183
-0.009340
-0.006496
-0.003650
-0.000802
0.002047
0.004898
0.007751
0.010606
0.013462
0.016320
0.019179
0.022040
0.024902
0.027766
0.030631
0.033498
0.036366
0.039236
0.042107
0.044979
0.047852
0.050727
0.053603
0.056481
0.059359
0.062239
0.065119
0.068001
0.070884
0.073768
0.076653
0.079539
0.082426
0.085314
0.088203
0.091092
0.093983
0.096874
0.099766
0.102659
0.105553
0.108447
0.111342
0.114238
0.117134
0.120031
0.122928
0.125826
0.128725
0.131624
0.134523
0.137423
0.140323
0.143223
0.146124
0.149025
0.151927
0.154828
0.157730
0.160632
0.163534
0.166436
0.169338
0.172241
0.175143
0.178045
0.180947
0.183850
0.186752
0.189654
0.192555
0.195457
0.198358
0.201259
0.204160
0.207060
0.209961
0.212860
0.215759
0.218658
0.221557
0.224454
0.227352
0.230248
0.233144
0.236040
0.238935
0.241829
0.244722
0.247614
0.250506
0.253397
0.256287
0.259176
0.262064
0.264952
0.267838
0.270723
0.273607
0.276490
0.279372
0.282253
0.285133
0.288011
0.290888
0.293764
0.296638
0.299511
0.302383
0.305253
0.308122
0.310990
0.313855
0.316720
0.319582
0.322443
0.325303
0.328161
0.331017
0.333871
0.336723
0.339574
0.342423
0.345270
0.348115
0.350958
0.353799
0.356638
0.359475
0.362310
0.365142
0.367973
0.370801
0.373627
0.376451
0.379273
0.382092
0.384909
0.387724
0.390536
0.393346
0.396153
0.398957
0.401760
0.404559
0.407356
0.410150
0.412942
0.415730
0.418516
0.421300
0.424080
0.426857
0.429632
0.432404
0.435172
0.437938
0.440701
0.443460
0.446217
0.448970
0.451720
0.454467
0.457211
0.459951
0.462688
0.465422
0.468153
0.470879
0.473603
0.476323
0.479040
0.481753
0.484462
0.487168
0.489870
0.492568
0.495263
0.497954
0.500641
0.503324
0.506004
0.508679
0.511351
0.514019
0.516683
0.519342
0.521998
0.524649
0.527297
0.529940
0.532579
0.535214
0.537844
0.540470
0.543092
0.545710
0.548323
0.550932
0.553536
0.556136
0.558731
0.561321
0.563907
0.566489
0.569065
0.571637
0.574205
0.576767
0.579325
0.581878
0.584425
0.586968
0.589507
0.592040
0.594568
0.597091
0.599609
0.602122
0.604629
0.607132
0.609629
0.612121
0.614608
0.617090
0.619566
0.622037
0.624502
0.626962
0.629416
0.631865
0.634309
0.636747
0.639179
0.641606
0.644026
0.646442
0.648851
0.651255
0.653653
0.656045
0.658431
0.660811
0.663186
0.665554
0.667917
0.670273
0.672623
0.674968
0.677306
0.679638
0.681964
0.684283
0.686596
0.688904
0.691204
0.693499
0.695787
0.698068
0.700343
0.702612
0.704874
0.707130
0.709379
0.711621
0.713857
0.716086
0.718309
0.720525
0.722734
0.724936
0.727131
0.729320
0.731502
0.733676
0.735844
0.738005
0.740159
0.742306
0.744446
0.746578
0.748704
0.750823
0.752934
0.755038
0.757135
0.759224
0.761307
0.763382
0.765449
0.767510
0.769562
0.771608
0.773646
0.775676
0.777699
0.779714
0.781722
0.783722
0.785715
0.787700
0.789677
0.791646
0.793608
0.795562
0.797508
0.799446
0.801377
0.803299
0.805214
0.807120
0.809019
0.810910
0.812792
0.814667
0.816533
0.818392
0.820242
0.822084
0.823918
0.825743
0.827561
0.829370
0.831171
0.832964
0.834748
0.836524
0.838291
0.840050
0.841801
0.843543
0.845276
0.847001
0.848718
0.850426
0.852125
0.853816
0.855498
0.857171
0.858836
0.860492
0.862139
0.863778
0.865408
0.867028
0.868640
0.870244
0.871838
0.873423
0.875000
0.876567
0.878126
0.879675
0.881216
0.882747
0.884269
0.885783
0.887287
0.888782
0.890268
0.891744
0.893212
0.894670
0.896119
0.897559
0.898989
0.900410
0.901822
0.903225
0.904618
0.906001
0.907376
0.908740
0.910096
0.911442
0.912778
0.914105
0.915422
0.916730
0.918028
0.919317
0.920596
0.921866
0.923125
0.924375
0.925616
0.926847
0.928068
0.929279
0.930480
0.931672
0.932854
0.934026
0.935188
0.936341
0.937483
0.938616
0.939739
0.940852
0.941954
0.943047
0.944130
0.945204
0.946267
0.947320
0.948363
0.949396
0.950418
0.951431
0.952434
0.953427
0.954409
0.955382
0.956344
0.957296
0.958238
0.959169
0.960091
0.961002
0.961903
0.962794
0.963675
0.964545
0.965405
0.966254
0.967094
0.967923
0.968742
0.969550
0.970348
0.971135
0.971913
0.972680
0.973436
0.974182
0.974918
0.975643
0.976357
0.977061
0.977755
0.978438
0.979111
0.979773
0.980425
0.981066
0.981697
0.982317
0.982927
0.983526
0.984114
0.984692
0.985259
0.985816
0.986362
0.986897
0.987422
0.987936
0.988440
0.988933
0.989415
0.989886
0.990347
0.990798
0.991237
0.991666
0.992084
0.992492
0.992888
0.993274
0.993650
0.994014
0.994368
0.994711
0.995043
0.995365
0.995676
0.995976
0.996265
0.996544
0.996812
0.997069
0.997315
0.997550
0.997775
0.997989
0.998192
0.998384
0.998566
0.998737
0.998897
0.999046
0.999184
0.999311
0.999428
0.999534
0.999629
0.999713
0.999786
0.999849
0.999901
0.999942
0.999972
0.999991
1.000000
0.999997
0.999984
0.999960
0.999925
0.999880
0.999823
0.999756
0.999678
0.999589
0.999489
0.999378
0.999257
0.999125
0.998982
0.998828
0.998663
0.998488
0.998302
0.998105
0.997897
0.997678
0.997449
0.997209
0.996958
0.996696
0.996424
0.996140
0.995846
0.995541
0.995226
0.994900
0.994563
0.994215
0.993856
0.993487
0.993107
0.992716
0.992315
0.991903
0.991480
0.991046
0.990602
0.990147
0.989682
0.989206
0.988719
0.988221
0.987713
0.987194
0.986665
0.986125
0.985574
0.985013
0.984441
0.983858
0.983265
0.982662
0.982048
0.981423
0.980788
0.980142
0.979486
0.978819
0.978141
0.977454
0.976755
0.976046
0.975327
0.974598
0.973857
0.973107
0.972346
0.971575
0.970793
0.970001
0.969198
0.968385
0.967562
0.966729
0.965885
0.965031
0.964166
0.963291
0.962406
0.961511
0.960606
0.959690
0.958764
0.957828
0.956881
0.955925
0.954958
0.953981
0.952994
0.951997
0.950990
0.949973
0.948946
0.947908
0.946861
0.945804
0.944736
0.943659
0.942571
0.941474
0.940367
0.939250
0.938122
0.936985
0.935839
0.934682
0.933515
0.932339
0.931153
0.929957
0.928751
0.927536
0.926310
0.925075
0.923831
0.922576
0.921312
0.920039
0.918756
0.917463
0.916160
0.914848
0.913527
0.912196
0.910855
0.909505
0.908146
0.906777
0.905398
0.904010
0.902613
0.901207
0.899791
0.898366
0.896931
0.895487
0.894034
0.892572
0.891101
0.889620
0.888130
0.886631
0.885123
0.883606
0.882079
0.880544
0.879000
0.877446
0.875884
0.874312
0.872732
0.871143
0.869545
0.867938
0.866322
0.864697
0.863063
0.861421
0.859770
0.858110
0.856442
0.854765
0.853079
0.851384
0.849681
0.847969
0.846249
0.844520
0.842783
0.841037
0.839283
0.837520
0.835749
0.833970
0.832182
0.830386
0.828581
0.826768
0.824947
0.823118
0.821281
0.819435
0.817581
0.815719
0.813849
0.811971
0.810085
0.808191
0.806289
0.804378
0.802460
0.800535
0.798601
0.796659
0.794710
0.792752
0.790787
0.788814
0.786834
0.784846
0.782850
0.780846
0.778835
0.776817
0.774790
0.772757
0.770715
0.768667
0.766611
0.764547
0.762476
0.760398
0.758313
0.756220
0.754120
0.752013
0.749898
0.747777
0.745648
0.743512
0.741369
0.739219
0.737062
0.734898
0.732727
0.730550
0.728365
0.726173
0.723975
0.721770
0.719558
0.717339
0.715114
0.712882
0.710643
0.708398
0.706146
0.703887
0.701622
0.699351
0.697073
0.694788
0.692497
0.690200
0.687897
0.685587
0.683271
0.680949
0.678620
0.676286
0.673945
0.671598
0.669245
0.666886
0.664521
0.662150
0.659773
0.657390
0.655001
0.652606
0.650206
0.647800
0.645388
0.642970
0.640547
0.638117
0.635683
0.633242
0.630797
0.628345
0.625888
0.623426
0.620958
0.618485
0.616007
0.613523
0.611034
0.608539
0.606040
0.603535
0.601025
0.598510
0.595990
0.593464
0.590934
0.588399
0.585859
0.583313
0.580763
0.578208
0.575649
0.573084
0.570515
0.567941
0.565362
0.562779
0.560191
0.557598
0.555001
0.552399
0.549793
0.547182
0.544567
0.541948
0.539324
0.536696
0.534064
0.531427
0.528786
0.526141
0.523492
0.520839
0.518181
0.515520
0.512854
0.510185
0.507512
0.504834
0.502153
0.499468
0.496779
0.494087
0.491390
0.488690
0.485987
0.483279
0.480568
0.477854
0.475136
0.472414
0.469689
0.466961
0.464229
0.461493
0.458755
0.456013
0.453268
0.450520
0.447768
0.445013
0.442256
0.439495
0.436731
0.433964
0.431194
0.428421
0.425645
0.422866
0.420084
0.417300
0.414513
0.411723
0.408930
0.406135
0.403337
0.400536
0.397733
0.394927
0.392119
0.389308
0.386495
0.383679
0.380861
0.378041
0.375218
0.372394
0.369566
0.366737
0.363905
0.361072
0.358236
0.355398
0.352558
0.349716
0.346872
0.344027
0.341179
0.338329
0.335478
0.332625
0.329770
0.326913
0.324054
0.321194
0.318332
0.315469
0.312604
0.309738
0.306870
0.304000
0.301129
0.298257
0.295383
0.292508
0.289632
0.286754
0.283875
0.280995
0.278114
0.275231
0.272348
0.269463
0.266578
0.263691
0.260803
0.257915
0.255025
0.252135
0.249244
0.246351
0.243459
0.240565
0.237671
0.234776
0.231880
0.228983
0.226087
0.223189
0.220291
0.217392
0.214493
0.211594
0.208694
0.205794
0.202893
0.199992
0.197091
0.194190
0.191288
0.188386
0.185484
0.182582
0.179680
0.176778
0.173875
0.170973
0.168071
0.165169
0.162267
0.159365
0.156463
0.153561
0.150660
0.147758
0.144857
0.141957
0.139056
0.136156
0.133257
0.130358
0.127459
0.124561
0.121663
0.118766
0.115869
0.112973
0.110078
0.107183
0.104289
0.101396
0.098503
0.095612
0.092721
0.089830
0.086941
0.084053
0.081165
0.078279
0.075393
0.072509
0.069625
0.066743
0.063861
0.060981
0.058102
0.055224
0.052347
0.049472
0.046597
0.043724
0.040853
0.037982
0.035114
0.032246
0.029380
0.026515
0.023652
0.020790
0.017930
0.015071
0.012214
0.009359
0.006505
0.003653
0.000803
-0.002046
-0.004893
-0.007738
-0.010582
-0.013423
-0.016263
-0.019101
-0.021937
-0.024771
-0.027603
-0.030433
-0.033262
-0.036088
-0.038912
-0.041734
-0.044554
-0.047372
-0.050187
-0.053001
-0.055812
-0.058621
-0.061428
-0.064232
-0.067034
-0.069834
-0.072632
-0.075427
-0.078220
-0.081010
-0.083798
-0.086584
-0.089367
-0.092147
-0.094925
-0.097700
-0.100473
-0.103243
-0.106011
-0.108776
-0.111538
-0.114298
-0.117055
-0.119809
-0.122560
-0.125309
-0.128054
-0.130797
-0.133537
-0.136275
-0.139009
-0.141740
-0.144469
-0.147194
-0.149917
-0.152636
-0.155353
-0.158066
-0.160777
-0.163484
-0.166188
-0.168889
-0.171587
-0.174282
-0.176973
-0.179662
-0.182347
-0.185029
-0.187707
-0.190382
-0.193054
-0.195723
-0.198388
-0.201050
-0.203709
-0.206364
-0.209016
-0.211664
-0.214309
-0.216950
-0.219588
-0.222222
-0.224853
-0.227480
-0.230104
-0.232724
-0.235341
-0.237953
-0.240563
-0.243168
-0.245770
-0.248368
-0.250962
-0.253553
-0.256140
-0.258723
-0.261302
-0.263878
-0.266450
-0.269017
-0.271581
-0.274142
-0.276698
-0.279250
-0.281799
-0.284343
-0.286884
-0.289420
-0.291953
-0.294481
-0.297006
-0.299526
-0.302043
-0.304555
-0.307063
-0.309568
-0.312068
-0.314564
-0.317056
-0.319543
-0.322027
-0.324506
-0.326981
-0.329452
-0.331919
-0.334382
-0.336840
-0.339294
-0.341743
-0.344189
-0.346630
-0.349067
-0.351499
-0.353927
-0.356351
-0.358770
-0.361185
-0.363595
-0.366001
-0.368403
-0.370800
-0.373193
-0.375582
-0.377965
-0.380345
-0.382720
-0.385090
-0.387456
-0.389817
-0.392174
-0.394526
-0.396873
-0.399216
-0.401555
-0.403889
-0.406218
-0.408542
-0.410862
-0.413178
-0.415488
-0.417794
-0.420096
-0.422392
-0.424684
-0.426971
-0.429254
-0.431531
-0.433804
-0.436072
-0.438336
-0.440595
-0.442849
-0.445098
-0.447342
-0.449582
-0.451816
-0.454046
-0.456271
-0.458491
-0.460707
-0.462917
-0.465123
-0.467324
-0.469520
-0.471711
-0.473897
-0.476078
-0.478254
-0.480425
-0.482592
-0.484753
-0.486910
-0.489061
-0.491208
-0.493350
-0.495486
-0.497618
-0.499745
-0.501866
-0.503983
-0.506095
-0.508201
-0.510303
-0.512400
-0.514491
-0.516578
-0.518659
-0.520736
-0.522807
-0.524874
-0.526935
-0.528991
-0.531042
-0.533088
-0.535129
-0.537165
-0.539196
-0.541221
-0.543242
-0.545257
-0.547268
-0.549273
-0.551273
-0.553268
-0.555258
-0.557242
-0.559222
-0.561196
-0.563166
-0.565130
-0.567089
-0.569042
-0.570991
-0.572934
-0.574872
-0.576806
-0.578733
-0.580656
-0.582574
-0.584486
-0.586393
-0.588295
-0.590192
-0.592083
-0.593970
-0.595851
-0.597727
-0.599597
-0.601463
-0.603323
-0.605178
-0.607028
-0.608873
-0.610712
-0.612546
-0.614375
-0.616199
-0.618018
-0.619831
-0.621639
-0.623442
-0.625240
-0.627032
-0.628819
-0.630601
-0.632378
-0.634149
-0.635916
-0.637677
-0.639432
-0.641183
-0.642928
-0.644668
-0.646403
-0.648133
-0.649857
-0.651576
-0.653290
-0.654999
-0.656702
-0.658401
-0.660094
-0.661781
-0.663464
-0.665141
-0.666813
-0.668480
-0.670142
-0.671798
-0.673449
-0.675095
-0.676736
-0.678371
-0.680002
-0.681627
-0.683247
-0.684861
-0.686471
-0.688075
-0.689674
-0.691268
-0.692856
-0.694440
-0.696018
-0.697591
-0.699159
-0.700721
-0.702279
-0.703831
-0.705378
-0.706920
-0.708457
-0.709988
-0.711515
-0.713036
-0.714552
-0.716063
-0.717569
-0.719069
-0.720565
-0.722055
-0.723540
-0.725020
-0.726495
-0.727965
-0.729430
-0.730889
-0.732343
-0.733793
-0.735237
-0.736676
-0.738110
-0.739539
-0.740962
-0.742381
-0.743795
-0.745203
-0.746606
-0.748005
-0.749398
-0.750786
-0.752169
-0.753548
-0.754921
-0.756289
-0.757652
-0.759010
-0.760362
-0.761710
-0.763053
-0.764391
-0.765724
-0.767052
-0.768375
-0.769693
-0.771006
-0.772313
-0.773616
-0.774914
-0.776207
-0.777496
-0.778779
-0.780057
-0.781330
-0.782598
-0.783862
-0.785120
-0.786374
-0.787623
-0.788866
-0.790105
-0.791339
-0.792568
-0.793793
-0.795012
-0.796227
-0.797436
-0.798641
-0.799841
-0.801036
-0.802227
-0.803412
-0.804593
-0.805769
-0.806940
-0.808107
-0.809268
-0.810425
-0.811577
-0.812724
-0.813867
-0.815005
-0.816138
-0.817266
-0.818390
-0.819509
-0.820623
-0.821733
-0.822837
-0.823938
-0.825033
-0.826124
-0.827210
-0.828292
-0.829369
-0.830441
-0.831508
-0.832572
-0.833630
-0.834684
-0.835733
-0.836778
-0.837818
-0.838853
-0.839884
-0.840911
-0.841933
-0.842950
-0.843963
-0.844971
-0.845975
-0.846974
-0.847969
-0.848960
-0.849946
-0.850927
-0.851904
-0.852877
-0.853845
-0.854808
-0.855768
-0.856723
-0.857673
-0.858619
-0.859561
-0.860498
-0.861431
-0.862360
-0.863285
-0.864205
-0.865120
-0.866032
-0.866939
-0.867842
-0.868740
-0.869634
-0.870524
-0.871410
-0.872292
-0.873169
-0.874042
-0.874911
-0.875775
-0.876636
-0.877492
-0.878344
-0.879192
-0.880036
-0.880875
-0.881711
-0.882542
-0.883370
-0.884193
-0.885012
-0.885827
-0.886638
-0.887444
-0.888247
-0.889046
-0.889841
-0.890631
-0.891418
-0.892201
-0.892980
-0.893754
-0.894525
-0.895292
-0.896055
-0.896814
-0.897569
-0.898320
-0.899067
-0.899810
-0.900549
-0.901285
-0.902017
-0.902744
-0.903468
-0.904188
-0.904905
-0.905617
-0.906326
-0.907031
-0.907732
-0.908429
-0.909123
-0.909813
-0.910499
-0.911181
-0.911860
-0.912535
-0.913206
-0.913874
-0.914538
-0.915198
-0.915854
-0.916507
-0.917157
-0.917803
-0.918445
-0.919083
-0.919718
-0.920350
-0.920977
-0.921602
-0.922222
-0.922840
-0.923453
-0.924063
-0.924670
-0.925273
-0.925873
-0.926469
-0.927062
-0.927652
-0.928238
-0.928820
-0.929399
-0.929975
-0.930547
-0.931116
-0.931682
-0.932244
-0.932803
-0.933359
-0.933911
-0.934460
-0.935006
-0.935548
-0.936088
-0.936624
-0.937156
-0.937686
-0.938212
-0.938735
-0.939255
-0.939771
-0.940285
-0.940795
-0.941302
-0.941806
-0.942307
-0.942804
-0.943299
-0.943790
-0.944279
-0.944764
-0.945246
-0.945725
-0.946201
-0.946675
-0.947145
-0.947612
-0.948076
-0.948537
-0.948995
-0.949450
-0.949902
-0.950351
-0.950798
-0.951241
-0.951682
-0.952119
-0.952554
-0.952986
-0.953415
-0.953841
-0.954264
-0.954684
-0.955102
-0.955517
-0.955929
-0.956338
-0.956744
-0.957148
-0.957549
-0.957947
-0.958343
-0.958735
-0.959125
-0.959513
-0.959897
-0.960279
-0.960659
-0.961035
-0.961409
-0.961781
-0.962150
-0.962516
-0.962879
-0.963240
-0.963599
-0.963955
-0.964308
-0.964659
-0.965007
-0.965353
-0.965696
-0.966037
-0.966375
-0.966711
-0.967044
-0.967375
-0.967703
-0.968029
-0.968353
-0.968674
-0.968993
-0.969309
-0.969623
-0.969935
-0.970244
-0.970551
-0.970856
-0.971158
-0.971458
-0.971756
-0.972051
-0.972344
-0.972635
-0.972924
-0.973210
-0.973494
-0.973776
-0.974056
-0.974334
-0.974609
-0.974882
-0.975153
-0.975422
-0.975689
-0.975953
-0.976216
-0.976476
-0.976734
-0.976990
-0.977244
-0.977496
-0.977746
-0.977994
-0.978240
-0.978484
-0.978725
-0.978965
-0.979203
-0.979439
-0.979672
-0.979904
-0.980134
-0.980362
-0.980588
-0.980812
-0.981034
-0.981255
-0.981473
-0.981689
-0.981904
-0.982117
-0.982328
-0.982537
-0.982744
-0.982949
-0.983153
-0.983355
-0.983555
-0.983753
-0.983949
-0.984144
-0.984337
-0.984528
-0.984718
-0.984905
-0.985091
-0.985276
-0.985458
-0.985639
-0.985818
-0.985996
-0.986172
-0.986346
-0.986519
-0.986690
-0.986860
-0.987027
-0.987194
-0.987358
-0.987521
-0.987683
-0.987843
-0.988001
-0.988158
-0.988314
-0.988467
-0.988620
-0.988771
-0.988920
-0.989068
-0.989214
-0.989359
-0.989503
-0.989645
-0.989785
-0.989925
-0.990062
-0.990199
-0.990334
-0.990467
-0.990600
-0.990731
-0.990860
-0.990988
-0.991115
-0.991241
-0.991365
-0.991488
-0.991609
-0.991729
-0.991848
-0.991966
-0.992083
-0.992198
-0.992312
-0.992424
-0.992536
-0.992646
-0.992755
-0.992863
-0.992969
-0.993075
-0.993179
-0.993282
-0.993384
-0.993485
-0.993584
-0.993683
-0.993780
-0.993876
-0.993972
-0.994066
-0.994158
-0.994250
-0.994341
-0.994431
-0.994519
-0.994607
-0.994693
-0.994779
-0.994863
-0.994947
-0.995029
-0.995110
-0.995191
-0.995270
-0.995349
-0.995426
-0.995503
-0.995578
-0.995653
-0.995726
-0.995799
-0.995871
-0.995942
-0.996012
-0.996081
-0.996149
-0.996216
-0.996283
-0.996348
-0.996413
-0.996477
-0.996540
-0.996602
-0.996663
-0.996723
-0.996783
-0.996842
-0.996900
-0.996957
-0.997013
-0.997069
-0.997124
-0.997178
-0.997231
-0.997284
-0.997336
-0.997387
-0.997437
-0.997487
-0.997536
-0.997584
-0.997631
-0.997678
-0.997724
-0.997769
-0.997814
-0.997858
-0.997902
-0.997944
-0.997986
-0.998028
-0.998068
-0.998109
-0.998148
-0.998187
-0.998225
-0.998263
-0.998300
-0.998337
-0.998372
-0.998408
-0.998442
-0.998477
-0.998510
-0.998543
-0.998576
-0.998608
-0.998639
-0.998670
-0.998700
-0.998730
-0.998759
-0.998788
-0.998817
-0.998844
-0.998872
-0.998899
-0.998925
-0.998951
-0.998976
-0.999001
-0.999026
-0.999050
-0.999073
-0.999096
-0.999119
-0.999141
-0.999163
-0.999185
-0.999206
-0.999226
-0.999246
-0.999266
-0.999286
-0.999305
-0.999323
-0.999342
-0.999360
-0.999377
-0.999394
-0.999411
-0.999428
-0.999444
-0.999459
-0.999475
-0.999490
-0.999505
-0.999519
-0.999533
-0.999547
-0.999561
-0.999574
-0.999587
-0.999599
-0.999612
-0.999624
-0.999636
-0.999647
-0.999658
-0.999669
-0.999680
-0.999690
-0.999700
-0.999710
-0.999720
-0.999729
-0.999739
-0.999748
-0.999756
-0.999765
-0.999773
-0.999781
-0.999789
-0.999796
-0.999804
-0.999811
-0.999818
-0.999825
-0.999832
-0.999838
-0.999844
-0.999850
-0.999856
-0.999862
-0.999867
-0.999873
-0.999878
-0.999883
-0.999888
-0.999893
-0.999897
-0.999902
-0.999906
-0.999910
-0.999914
-0.999918
-0.999922
-0.999925
-0.999929
-0.999932
-0.999935
-0.999938
-0.999941
-0.999944
-0.999947
-0.999950
-0.999952
-0.999955
-0.999957
-0.999960
-0.999962
-0.999964
-0.999966
-0.999968
-0.999970
-0.999971
-0.999973
-0.999975
-0.999976
-0.999978
-0.999979
-0.999980
-0.999982
-0.999983
-0.999984
-0.999985
-0.999986
-0.999987
-0.999988
-0.999989
-0.999990
-0.999991
-0.999991
-0.999992
-0.999993
-0.999993
-0.999994
-0.999994
-0.999995
-0.999995
-0.999996
-0.999996
-0.999996
-0.999997
-0.999997
-0.999997
-0.999998
-0.999998
-0.999998
-0.999998
-0.999999
-0.999999
-0.999999
-0.999999
-0.999999
-0.999999
-0.999999
-0.999999
-1.000000
-1.000000
-1.000000
-1.000000
-1.000000
-1.000000
-1.000000
-1.000000
-1.000000
-1.000000
-1.000000
-1.000000
-1.000000
-1.000000
-1.000000
-1.000000
-1.000000
-1.000000
-1.000000
-1.000000
-1.000000
-1.000000
-1.000000
-1.000000
-1.000000
-1.000000
-1.000000
-1.000000
-1.000000
-1.000000
-1.000000
-1.000000
-1.000000
-1.000000
-1.000000
-1.000000
-1.000000
-1.000000
-1.000000
-1.000000
-1.000000
-1.000000
-1.000000
-1.000000
-1.000000
-1.000000
-1.000000
-1.000000
-0.999999
-0.999999
-0.999999
-0.999999
-0.999999
-0.999999
-0.999999
-0.999998
-0.999998
-0.999998
-0.999998
-0.999998
-0.999997
-0.999997
-0.999997
-0.999996
-0.999996
-0.999996
-0.999995
-0.999995
-0.999994
-0.999994
-0.999993
-0.999992
-0.999992
-0.999991
-0.999990
-0.999989
-0.999989
-0.999988
-0.999987
-0.999986
-0.999985
-0.999984
-0.999982
-0.999981
-0.999980
-0.999978
-0.999977
-0.999976
-0.999974
-0.999972
-0.999971
-0.999969
-0.999967
-0.999965
-0.999963
-0.999961
-0.999959
-0.999956
-0.999954
-0.999951
-0.999949
-0.999946
-0.999943
-0.999940
-0.999937
-0.999934
-0.999931
-0.999927
-0.999924
-0.999920
-0.999916
-0.999912
-0.999908
-0.999904
-0.999900
-0.999895
-0.999891
-0.999886
-0.999881
-0.999876
-0.999870
-0.999865
-0.999859
-0.999854
-0.999848
-0.999841
-0.999835
-0.999829
-0.999822
-0.999815
-0.999808
-0.999801
-0.999793
-0.999785
-0.999778
-0.999769
-0.999761
-0.999752
-0.999744
-0.999735
-0.999725
-0.999716
-0.999706
-0.999696
-0.999686
-0.999675
-0.999664
-0.999653
-0.999642
-0.999630
-0.999619
-0.999606
-0.999594
-0.999581
-0.999568
-0.999555
-0.999541
-0.999527
-0.999513
-0.999498
-0.999483
-0.999468
-0.999453
-0.999437
-0.999420
-0.999404
-0.999387
-0.999369
-0.999352
-0.999334
-0.999315
-0.999296
-0.999277
-0.999258
-0.999238
-0.999217
-0.999197
-0.999175
-0.999154
-0.999132
-0.999109
-0.999086
-0.999063
-0.999039
-0.999015
-0.998990
-0.998965
-0.998940
-0.998913
-0.998887
-0.998860
-0.998832
-0.998804
-0.998776
-0.998747
-0.998717
-0.998687
-0.998657
-0.998625
-0.998594
-0.998562
-0.998529
-0.998496
-0.998462
-0.998427
-0.998392
-0.998357
-0.998321
-0.998284
-0.998247
-0.998209
-0.998170
-0.998131
-0.998091
-0.998051
-0.998010
-0.997968
-0.997926
-0.997883
-0.997839
-0.997795
-0.997750
-0.997704
-0.997658
-0.997611
-0.997563
-0.997514
-0.997465
-0.997415
-0.997364
-0.997313
-0.997261
-0.997208
-0.997154
-0.997100
-0.997045
-0.996989
-0.996932
-0.996875
-0.996816
-0.996757
-0.996697
-0.996636
-0.996575
-0.996512
-0.996449
-0.996385
-0.996320
-0.996254
-0.996187
-0.996119
-0.996051
-0.995981
-0.995911
-0.995840
-0.995768
-0.995694
-0.995620
-0.995545
-0.995469
-0.995392
-0.995315
-0.995236
-0.995156
-0.995075
-0.994993
-0.994910
-0.994826
-0.994742
-0.994656
-0.994569
-0.994481
-0.994392
-0.994302
-0.994210
-0.994118
-0.994025
-0.993930
-0.993835
-0.993738
-0.993640
-0.993541
-0.993441
-0.993340
-0.993237
-0.993134
-0.993029
-0.992923
-0.992816
-0.992708
-0.992598
-0.992487
-0.992375
-0.992262
-0.992148
-0.992032
-0.991915
-0.991797
-0.991677
-0.991556
-0.991434
-0.991311
-0.991186
-0.991060
-0.990932
-0.990804
-0.990674
-0.990542
-0.990409
-0.990275
-0.990139
-0.990002
-0.989864
-0.989724
-0.989583
-0.989440
-0.989296
-0.989151
-0.989003
-0.988855
-0.988705
-0.988553
-0.988400
-0.988246
-0.988090
-0.987932
-0.987773
-0.987613
-0.987450
-0.987287
-0.987121
-0.986954
-0.986786
-0.986616
-0.986444
-0.986270
-0.986095
-0.985919
-0.985740
-0.985560
-0.985379
-0.985195
-0.985010
-0.984824
-0.984635
-0.984445
-0.984253
-0.984059
-0.983864
-0.983667
-0.983468
-0.983267
-0.983064
-0.982860
-0.982654
-0.982446
-0.982236
-0.982024
-0.981811
-0.981595
-0.981378
-0.981159
-0.980938
-0.980715
-0.980490
-0.980263
-0.980034
-0.979803
-0.979571
-0.979336
-0.979099
-0.978861
-0.978620
-0.978377
-0.978133
-0.977886
-0.977637
-0.977386
-0.977134
-0.976879
-0.976622
-0.976362
-0.976101
-0.975838
-0.975572
-0.975305
-0.975035
-0.974763
-0.974489
-0.974213
-0.973934
-0.973654
-0.973371
-0.973085
-0.972798
-0.972508
-0.972217
-0.971922
-0.971626
-0.971327
-0.971026
-0.970723
-0.970417
-0.970109
-0.969799
-0.969486
-0.969171
-0.968854
-0.968534
-0.968212
-0.967887
-0.967560
-0.967231
-0.966899
-0.966564
-0.966228
-0.965888
-0.965546
-0.965202
-0.964855
-0.964506
-0.964154
-0.963800
-0.963443
-0.963083
-0.962721
-0.962356
-0.961989
-0.961619
-0.961246
-0.960871
-0.960493
-0.960113
-0.959730
-0.959344
-0.958955
-0.958564
-0.958170
-0.957774
-0.957374
-0.956972
-0.956567
-0.956160
-0.955749
-0.955336
-0.954920
-0.954501
-0.954079
-0.953655
-0.953228
-0.952797
-0.952364
-0.951928
-0.951490
-0.951048
-0.950603
-0.950156
-0.949705
-0.949252
-0.948795
-0.948336
-0.947873
-0.947408
-0.946940
-0.946468
-0.945994
-0.945516
-0.945036
-0.944552
-0.944066
-0.943576
-0.943083
-0.942587
-0.942088
-0.941586
-0.941081
-0.940572
-0.940061
-0.939546
-0.939028
-0.938507
-0.937982
-0.937455
-0.936924
-0.936390
-0.935853
-0.935312
-0.934768
-0.934221
-0.933671
-0.933117
-0.932560
-0.931999
-0.931436
-0.930868
-0.930298
-0.929724
-0.929147
-0.928566
-0.927982
-0.927395
-0.926804
-0.926209
-0.925612
-0.925010
-0.924406
-0.923797
-0.923186
-0.922571
-0.921952
-0.921329
-0.920704
-0.920074
-0.919441
-0.918805
-0.918165
-0.917521
-0.916874
-0.916223
-0.915568
-0.914910
-0.914248
-0.913583
-0.912913
-0.912240
-0.911564
-0.910884
-0.910200
-0.909512
-0.908820
-0.908125
-0.907426
-0.906723
-0.906017
-0.905306
-0.904592
-0.903874
-0.903153
-0.902427
-0.901698
-0.900964
-0.900227
-0.899486
-0.898741
-0.897992
-0.897239
-0.896483
-0.895722
-0.894957
-0.894189
-0.893416
-0.892640
-0.891860
-0.891075
-0.890287
-0.889494
-0.888698
-0.887897
-0.887093
-0.886284
-0.885471
-0.884655
-0.883834
-0.883009
-0.882180
-0.881347
-0.880509
-0.879668
-0.878822
-0.877973
-0.877119
-0.876261
-0.875398
-0.874532
-0.873661
-0.872786
-0.871907
-0.871024
-0.870136
-0.869244
-0.868348
-0.867448
-0.866543
-0.865634
-0.864721
-0.863803
-0.862881
-0.861955
-0.861025
-0.860090
-0.859150
-0.858207
-0.857259
-0.856306
-0.855349
-0.854388
-0.853422
-0.852452
-0.851478
-0.850499
-0.849516
-0.848528
-0.847535
-0.846539
-0.845537
-0.844531
-0.843521
-0.842506
-0.841487
-0.840463
-0.839435
-0.838402
-0.837364
-0.836322
-0.835275
-0.834224
-0.833168
-0.832108
-0.831043
-0.829973
-0.828899
-0.827820
-0.826736
-0.825648
-0.824555
-0.823458
-0.822356
-0.821249
-0.820137
-0.819021
-0.817900
-0.816774
-0.815644
-0.814509
-0.813369
-0.812224
-0.811075
-0.809920
-0.808762
-0.807598
-0.806429
-0.805256
-0.804078
-0.802895
-0.801708
-0.800515
-0.799318
-0.798116
-0.796909
-0.795697
-0.794480
-0.793259
-0.792032
-0.790801
-0.789565
-0.788324
-0.787078
-0.785827
-0.784571
-0.783311
-0.782045
-0.780775
-0.779499
-0.778219
-0.776934
-0.775643
-0.774348
-0.773048
-0.771743
-0.770433
-0.769118
-0.767798
-0.766473
-0.765143
-0.763808
-0.762467
-0.761122
-0.759772
-0.758417
-0.757057
-0.755692
-0.754322
-0.752946
-0.751566
-0.750181
-0.748790
-0.747395
-0.745994
-0.744589
-0.743178
-0.741762
-0.740341
-0.738915
-0.737484
-0.736048
-0.734607
-0.733160
-0.731709
-0.730252
-0.728791
-0.727324
-0.725852
-0.724375
-0.722892
-0.721405
-0.719912
-0.718415
-0.716912
-0.715404
-0.713891
-0.712372
-0.710849
-0.709320
-0.707786
-0.706247
-0.704703
-0.703154
-0.701599
-0.700040
-0.698475
-0.696905
-0.695329
-0.693749
-0.692163
-0.690572
-0.688976
-0.687375
-0.685768
-0.684157
-0.682540
-0.680918
-0.679290
-0.677658
-0.676020
-0.674377
-0.672729
-0.671075
-0.669417
-0.667753
-0.666084
-0.664409
-0.662730
-0.661045
-0.659355
-0.657660
-0.655959
-0.654253
-0.652542
-0.650826
-0.649105
-0.647378
-0.645646
-0.643909
-0.642167
-0.640419
-0.638666
-0.636908
-0.635145
-0.633376
-0.631603
-0.629824
-0.628039
-0.626250
-0.624455
-0.622655
-0.620850
-0.619040
-0.617224
-0.615403
-0.613577
-0.611746
-0.609910
-0.608068
-0.606221
-0.604369
-0.602511
-0.600649
-0.598781
-0.596908
-0.595030
-0.593147
-0.591258
-0.589364
-0.587465
-0.585561
-0.583651
-0.581737
-0.579817
-0.577892
-0.575962
-0.574027
-0.572086
-0.570141
-0.568190
-0.566234
-0.564273
-0.562306
-0.560335
-0.558358
-0.556376
-0.554389
-0.552397
-0.550400
-0.548398
-0.546391
-0.544378
-0.542360
-0.540338
-0.538310
-0.536277
-0.534239
-0.532195
-0.530147
-0.528094
-0.526035
-0.523972
-0.521903
-0.519830
-0.517751
-0.515667
-0.513579
-0.511485
-0.509386
-0.507282
-0.505173
-0.503059
-0.500940
-0.498817
-0.496688
-0.494554
-0.492415
-0.490271
-0.488122
-0.485969
-0.483810
-0.481646
-0.479478
-0.477304
-0.475126
-0.472943
-0.470754
-0.468561
-0.466363
-0.464160
-0.461953
-0.459740
-0.457522
-0.455300
-0.453073
-0.450841
-0.448604
-0.446363
-0.444116
-0.441865
-0.439609
-0.437348
-0.435083
-0.432812
-0.430537
-0.428257
-0.425973
-0.423684
-0.421390
-0.419091
-0.416788
-0.414480
-0.412167
-0.409850
-0.407528
-0.405201
-0.402870
-0.400534
-0.398194
-0.395849
-0.393499
-0.391145
-0.388786
-0.386423
-0.384055
-0.381683
-0.379306
-0.376925
-0.374539
-0.372149
-0.369754
-0.367355
-0.364951
-0.362543
-0.360131
-0.357714
-0.355293
-0.352867
-0.350437
-0.348003
-0.345564
-0.343121
-0.340674
-0.338223
-0.335767
-0.333307
-0.330842
-0.328374
-0.325901
-0.323424
-0.320943
-0.318458
-0.315968
-0.313474
-0.310977
-0.308475
-0.305969
-0.303459
-0.300944
-0.298426
-0.295904
-0.293378
-0.290847
-0.288313
-0.285775
-0.283232
-0.280686
-0.278136
-0.275582
-0.273024
-0.270462
-0.267896
-0.265327
-0.262754
-0.260176
-0.257595
-0.255011
-0.252422
-0.249830
-0.247234
-0.244634
-0.242031
-0.239424
-0.236813
-0.234198
-0.231580
-0.228959
-0.226334
-0.223705
-0.221072
-0.218437
-0.215797
-0.213154
-0.210508
-0.207858
-0.205205
-0.202548
-0.199888
-0.197225
-0.194558
-0.191888
-0.189215
-0.186538
-0.183858
-0.181175
-0.178488
-0.175798
-0.173105
-0.170409
-0.167710
-0.165007
-0.162302
-0.159593
-0.156882
-0.154167
-0.151449
-0.148728
-0.146004
-0.143278
-0.140548
-0.137815
-0.135080
-0.132341
-0.129600
-0.126856
-0.124109
-0.121359
-0.118606
-0.115851
-0.113093
-0.110332
-0.107569
-0.104803
-0.102034
-0.099263
-0.096489
-0.093712
-0.090933
-0.088152
-0.085368
-0.082581
-0.079792
-0.077001
-0.074207
-0.071410
-0.068612
-0.065811
-0.063008
-0.060202
-0.057394
-0.054584
-0.051772
-0.048958
-0.046141
-0.043323
-0.040502
-0.037679
-0.034854
-0.032027
-0.029198
-0.026367
-0.023534
-0.020699
-0.017862
-0.015023
-0.012183
-0.009340
-0.006496
-0.003650
-0.000802
0.002047
0.004898
0.007751
0.010606
0.013462
0.016320
0.019179
0.022040
0.024902
0.027766
0.030631
0.033498
0.036366
0.039236
0.042107
0.044979
0.047852
0.050727
0.053603
0.056481
0.059359
0.062239
0.065119
0.068001
0.070884
0.073768
0.076653
0.079539
0.082426
0.085314
0.088203
0.091092
0.093983
0.096874
0.099766
0.102659
0.105553
0.108447
0.111342
0.114238
0.117134
0.120031
0.122928
0.125826
0.128725
0.131624
0.134523
0.137423
0.140323
0.143223
0.146124
0.149025
0.151927
0.154828
0.157730
0.160632
0.163534
0.166436
0.169338
0.172241
0.175143
0.178045
0.180947
0.183850
0.186752
0.189654
0.192555
0.195457
0.198358
0.201259
0.204160
0.207060
0.209961
0.212860
0.215759
0.218658
0.221557
0.224454
0.227352
0.230248
0.233144
0.236040
0.238935
0.241829
0.244722
0.247614
0.250506
0.253397
0.256287
0.259176
0.262064
0.264952
0.267838
0.270723
0.273607
0.276490
0.279372
0.282253
0.285133
0.288011
0.290888
0.293764
0.296638
0.299511
0.302383
0.305253
0.308122
0.310990
0.313855
0.316720
0.319582
0.322443
0.325303
0.328161
0.331017
0.333871
0.336723
0.339574
0.342423
0.345270
0.348115
0.350958
0.353799
0.356638
0.359475
0.362310
0.365142
0.367973
0.370801
0.373627
0.376451
0.379273
0.382092
0.384909
0.387724
0.390536
0.393346
0.396153
0.398957
0.401760
0.404559
0.407356
0.410150
0.412942
0.415730
0.418516
0.421300
0.424080
0.426857
0.429632
0.432404
0.435172
0.437938
0.440701
0.443460
0.446217
0.448970
0.451720
0.454467
0.457211
0.459951
0.462688
0.465422
0.468153
0.470879
0.473603
0.476323
0.479040
0.481753
0.484462
0.487168
0.489870
0.492568
0.495263
0.497954
0.500641
0.503324
0.506004
0.508679
0.511351
0.514019
0.516683
0.519342
0.521998
0.524649
0.527297
0.529940
0.532579
0.535214
0.537844
0.540470
0.543092
0.545710
0.548323
0.550932
0.553536
0.556136
0.558731
0.561321
0.563907
0.566489
0.569065
0.571637
0.574205
0.576767
0.579325
0.581878
0.584425
0.586968
0.589507
0.592040
0.594568
0.597091
0.599609
0.602122
0.604629
0.607132
0.609629
0.612121
0.614608
0.617090
0.619566
0.622037
0.624502
0.626962
0.629416
0.631865
0.634309
0.636747
0.639179
0.641606
0.644026
0.646442
0.648851
0.651255
0.653653
0.656045
0.658431
0.660811
0.663186
0.665554
0.667917
0.670273
0.672623
0.674968
0.677306
0.679638
0.681964
0.684283
0.686596
0.688904
0.691204
0.693499
0.695787
0.698068
0.700343
0.702612
0.704874
0.707130
0.709379
0.711621
0.713857
0.716086
0.718309
0.720525
0.722734
0.724936
0.727131
0.729320
0.731502
0.733676
0.735844
0.738005
0.740159
0.742306
0.744446
0.746578
0.748704
0.750823
0.752934
0.755038
0.757135
0.759224
0.761307
0.763382
0.765449
0.767510
0.769562
0.771608
0.773646
0.775676
0.777699
0.779714
0.781722
0.783722
0.785715
0.787700
0.789677
0.791646
0.793608
0.795562
0.797508
0.799446
0.801377
0.803299
0.805214
0.807120
0.809019
0.810910
0.812792
0.814667
0.816533
0.818392
0.820242
0.822084
0.823918
0.825743
0.827561
0.829370
0.831171
0.832964
0.834748
0.836524
0.838291
0.840050
0.841801
0.843543
0.845276
0.847001
0.848718
0.850426
0.852125
0.853816
0.855498
0.857171
0.858836
0.860492
0.862139
0.863778
0.865408
0.867028
0.868640
0.870244
0.871838
0.873423
0.875000
0.876567
0.878126
0.879675
0.881216
0.882747
0.884269
0.885783
0.887287
0.888782
0.890268
0.891744
0.893212
0.894670
0.896119
0.897559
0.898989
0.900410
0.901822
0.903225
0.904618
0.906001
0.907376
0.908740
0.910096
0.911442
0.912778
0.914105
0.915422
0.916730
0.918028
0.919317
0.920596
0.921866
0.923125
0.924375
0.925616
0.926847
0.928068
0.929279
0.930480
0.931672
0.932854
0.934026
0.935188
0.936341
0.937483
0.938616
0.939739
0.940852
0.941954
0.943047
0.944130
0.945204
0.946267
0.947320
0.948363
0.949396
0.950418
0.951431
0.952434
0.953427
0.954409
0.955382
0.956344
0.957296
0.958238
0.959169
0.960091
0.961002
0.961903
0.962794
0.963675
0.964545
0.965405
0.966254
0.967094
0.967923
0.968742
0.969550
0.970348
0.971135
0.971913
0.972680
0.973436
0.974182
0.974918
0.975643
0.976357
0.977061
0.977755
0.978438
0.979111
0.979773
0.980425
0.981066
0.981697
0.982317
0.982927
0.983526
0.984114
0.984692
0.985259
0.985816
0.986362
0.986897
0.987422
0.987936
0.988440
0.988933
0.989415
0.989886
0.990347
0.990798
0.991237
0.991666
0.992084
0.992492
0.992888
0.993274
0.993650
0.994014
0.994368
0.994711
0.995043
0.995365
0.995676
0.995976
0.996265
0.996544
0.996812
0.997069
0.997315
0.997550
0.997775
0.997989
0.998192
0.998384
0.998566
0.998737
0.998897
0.999046
0.999184
0.999311
0.999428
0.999534
0.999629
0.999713
0.999786
0.999849
0.999901
0.999942
0.999972
0.999991
1.000000
0.999997
0.999984
0.999960
0.999925
0.999880
0.999823
0.999756
0.999678
0.999589
0.999489
0.999378
0.999257
0.999125
0.998982
0.998828
0.998663
0.998488
0.998302
0.998105
0.997897
0.997678
0.997449
0.997209
0.996958
0.996696
0.996424
0.996140
0.995846
0.995541
0.995226
0.994900
0.994563
0.994215
0.993856
0.993487
0.993107
0.992716
0.992315
0.991903
0.991480
0.991046
0.990602
0.990147
0.989682
0.989206
0.988719
0.988221
0.987713
0.987194
0.986665
0.986125
0.985574
0.985013
0.984441
0.983858
0.983265
0.982662
0.982048
0.981423
0.980788
0.980142
0.979486
0.978819
0.978141
0.977454
0.976755
0.976046
0.975327
0.974598
0.973857
0.973107
0.972346
0.971575
0.970793
0.970001
0.969198
0.968385
0.967562
0.966729
0.965885
0.965031
0.964166
0.963291
0.962406
0.961511
0.960606
0.959690
0.958764
0.957828
0.956881
0.955925
0.954958
0.953981
0.952994
0.951997
0.950990
0.949973
0.948946
0.947908
0.946861
0.945804
0.944736
0.943659
0.942571
0.941474
0.940367
0.939250
0.938122
0.936985
0.935839
0.934682
0.933515
0.932339
0.931153
0.929957
0.928751
0.927536
0.926310
0.925075
0.923831
0.922576
0.921312
0.920039
0.918756
0.917463
0.916160
0.914848
0.913527
0.912196
0.910855
0.909505
0.908146
0.906777
0.905398
0.904010
0.902613
0.901207
0.899791
0.898366
0.896931
0.895487
0.894034
0.892572
0.891101
0.889620
0.888130
0.886631
0.885123
0.883606
0.882079
0.880544
0.879000
0.877446
0.875884
0.874312
0.872732
0.871143
0.869545
0.867938
0.866322
0.864697
0.863063
0.861421
0.859770
0.858110
0.856442
0.854765
0.853079
0.851384
0.849681
0.847969
0.846249
0.844520
0.842783
0.841037
0.839283
0.837520
0.835749
0.833970
0.832182
0.830386
0.828581
0.826768
0.824947
0.823118
0.821281
0.819435
0.817581
0.815719
0.813849
0.811971
0.810085
0.808191
0.806289
0.804378
0.802460
0.800535
0.798601
0.796659
0.794710
0.792752
0.790787
0.788814
0.786834
0.784846
0.782850
0.780846
0.778835
0.776817
0.774790
0.772757
0.770715
0.768667
0.766611
0.764547
0.762476
0.760398
0.758313
0.756220
0.754120
0.752013
0.749898
0.747777
0.745648
0.743512
0.741369
0.739219
0.737062
0.734898
0.732727
0.730550
0.728365
0.726173
0.723975
0.721770
0.719558
0.717339
0.715114
0.712882
0.710643
0.708398
0.706146
0.703887
0.701622
0.699351
0.697073
0.694788
0.692497
0.690200
0.687897
0.685587
0.683271
0.680949
0.678620
0.676286
0.673945
0.671598
0.669245
0.666886
0.664521
0.662150
0.659773
0.657390
0.655001
0.652606
0.650206
0.647800
0.645388
0.642970
0.640547
0.638117
0.635683
0.633242
0.630797
0.628345
0.625888
0.623426
0.620958
0.618485
0.616007
0.613523
0.611034
0.608539
0.606040
0.603535
0.601025
0.598510
0.595990
0.593464
0.590934
0.588399
0.585859
0.583313
0.580763
0.578208
0.575649
0.573084
0.570515
0.567941
0.565362
0.562779
0.560191
0.557598
0.555001
0.552399
0.549793
0.547182
0.544567
0.541948
0.539324
0.536696
0.534064
0.531427
0.528786
0.526141
0.523492
0.520839
0.518181
0.515520
0.512854
0.510185
0.507512
0.504834
0.502153
0.499468
0.496779
0.494087
0.491390
0.488690
0.485987
0.483279
0.480568
0.477854
0.475136
0.472414
0.469689
0.466961
0.464229
0.461493
0.458755
0.456013
0.453268
0.450520
0.447768
0.445013
0.442256
0.439495
0.436731
0.433964
0.431194
0.428421
0.425645
0.422866
0.420084
0.417300
0.414513
0.411723
0.408930
0.406135
0.403337
0.400536
0.397733
0.394927
0.392119
0.389308
0.386495
0.383679
0.380861
0.378041
0.375218
0.372394
0.369566
0.366737
0.363905
0.361072
0.358236
0.355398
0.352558
0.349716
0.346872
0.344027
0.341179
0.338329
0.335478
0.332625
0.329770
0.326913
0.324054
0.321194
0.318332
0.315469
0.312604
0.309738
0.306870
0.304000
0.301129
0.298257
0.295383
0.292508
0.289632
0.286754
0.283875
0.280995
0.278114
0.275231
0.272348
0.269463
0.266578
0.263691
0.260803
0.257915
0.255025
0.252135
0.249244
0.246351
0.243459
0.240565
0.237671
0.234776
0.231880
0.228983
0.226087
0.223189
0.220291
0.217392
0.214493
0.211594
0.208694
0.205794
