297
297
299
301
303
303
306
306
308
308
310
310
313
313
315
315
318
318
320
320
322
322
325
325
327
327
330
330
332
332
334
334
337
337
339
339
341
341
344
344
361
361
371
371
378
378
433
433
438
438
442
442
457
457
462
462
465
465
468
468
478
478
486
486
489
489
493
493
498
498
504
504
509
509
511
511
521
521
526
526
529
529
532
532
586
586
591
591
610
610
614
614
617
617
621
621
630
630
633
633
639
639
654
654
721
721
725
725
729
729
732
732
740
740
755
755
761
761
767
767
786
786
788
788
793
793
796
796
801
801
807
807
807
810
815
815
818
818
821
821
849
849
853
853
858
858
861
861
876
876
876
878
886
886
890
890
893
893
920
922
922
922
949
949
952
952
958
958
960
960
963
963
973
973
978
978
985
985
989
989
992
992
1004
1004
1012
1012
1017
1017
1030
1030
1040
1040
1047
1047
1055
1055
1059
1059
1131
1131
1147
1147
1154
1154
1162
1162
1165
1165
1171
1171
1178
1178
1184
1184
1239
1239
1258
1258
1261
1261
1264
1264
1266
1266
1271
1271
1278
1278
1293
1293
1299
1299
1324
1324
1338
1338
1350
1350
1353
1353
1356
1356
1365
1365
1368
1368
1372
1372
1377
1377
1384
1384
1396
1396
1457
1457
1459
1459
1463
1463
1466
1466
1472
1472
1477
1477
1486
1486
1493
1493
1504
1504
1509
1511
1518
1518
1530
1530
1541
1541
1545
1545
1551
1551
1563
1563
1575
1575
1578
1578
1586
1586
1598
1598
1603
1603
1650
1650
1662
1662
1665
1665
1665
1668
1670
1670
1676
1676
1685
1685
1688
1688
1696
1696
1699
1699
1706
1706
1721
1721
1727
1727
1736
1736
1795
1795
1804
1804
1807
1807
1807
1809
1813
1813
1826
1826
1829
1829
1834
1834
1843
1843
1847
1847
1850
1850
1852
1852
1855
1855
1858
1858
1880
1880
1890
1890
1907
1907
1911
1911
1914
1914
1917
1917
1932
1932
1954
1954
1969
1969
1975
1975
1978
1978
1994
1994
1997
1997
2002
2002
2007
2007
2011
2011
2018
2018
2023
2023
2031
2031
2035
2035
2077
2077
2099
2099
2109
2109
2112
2112
2116
2116
2123
2123
2133
2133
2139
2139
2154
2154
2155
2157
2165
2165
2168
2168
2171
2171
2176
2176
2195
2195
2201
2201
2208
2208
2210
2210
2216
2216
2223
2223
2243
2243
2271
2271
2288
2288
2292
2292
2295
2295
2307
2307
2314
2314
2317
2317
2325
2325
2327
2327
2332
2332
2344
2344
2347
2347
2351
2351
2354
2354
2358
2358
2361
2361
2409
2409
2415
2415
2422
2422
2426
2426
2436
2436
2441
2441
2448
2448
2451
2451
2451
2453
2451
2455
2509
2509
2518
2518
2534
2534
2537
2537
2553
2553
2555
2555
2563
2563
2577
2577
2579
2579
2582
2582
2593
2593
2597
2597
2600
2600
2607
2607
2617
2617
2620
2620
2634
2634
2639
2639
2641
2641
2649
2651
2655
2655
2664
2664
2685
2685
2696
2696
2700
2700
2703
2703
2706
2706
2709
2709
2711
2711
2719
2719
2785
2785
2788
2788
2796
2796
2798
2798
2801
2801
2803
2803
2812
2814
2817
2817
2820
2820
2822
2822
2833
2833
2836
2836
2843
2843
2874
2877
2877
2877
2877
2879
2884
2884
2898
2898
2918
2918
2921
2921
2938
2938
2943
2943
2946
2946
2953
2953
2956
2956
2960
2960
2975
2975
2982
2982
2985
2985
3002
3002
3004
3004
3007
3007
3012
3012
3014
3014
3020
3020
3079
3079
3089
3089
3095
3098
3098
3098
3101
3101
3104
3104
3107
3107
3112
3112
3115
3115
3119
3119
3122
3122
3125
3125
3144
3144
3159
3159
3178
3178
3238
3238
3245
3245
3254
3254
3259
3259
3262
3262
3272
3272
3277
3277
3282
3282
3291
3291
3313
3313
3369
3369
3382
3382
3390
3390
3393
3393
3402
3402
3421
3421
3426
3426
3426
3429
3436
3436
3439
3439
3480
3480
3487
3487
3493
3493
3495
3495
3500
3500
3518
3518
3528
3528
3533
3533
3551
3551
3556
3556
3559
3559
3562
3562
3570
3570
3629
3629
3632
3632
3636
3638
3641
3641
3650
3650
3654
3654
3656
3656
3659
3659
3663
3663
3662
3665
3669
3669
3671
3671
3676
3676
3678
3678
3681
3681
3683
3683
3686
3686
3689
3689
3695
