302
3691
302
3667
314
3667
316
3677
314
3691
321
3691
321
3691
321
3691
328
3691
326
3691
328
3691
333
3677
333
3667
340
3691
338
3677
340
3667
345
3667
345
2206
357
3667
352
487
515
517
519
519
524
524
528
528
540
540
542
542
552
552
556
556
559
565
562
562
565
565
572
572
581
581
584
584
638
638
641
641
643
643
658
658
661
661
669
669
672
672
675
675
678
678
687
687
694
694
697
697
699
699
712
712
715
718
718
718
727
727
738
738
813
813
817
817
820
820
828
828
835
835
838
838
841
841
847
847
856
856
871
871
874
874
889
889
910
910
918
918
925
925
928
928
931
931
937
937
943
943
946
946
950
950
953
956
956
956
962
962
1002
1002
1023
1026
1026
1026
1063
1063
1069
1069
1074
1074
1077
1084
1079
1079
1084
1084
1084
1086
1091
1091
1094
1094
1097
1097
1105
1105
1116
1116
1123
1123
1177
1177
1188
1188
1197
1197
1200
1200
1204
1204
1207
1207
1216
1216
1222
1222
1230
1230
1233
1233
1236
1236
1241
1241
1245
1247
1262
1262
1267
1276
1276
1276
1289
1289
1301
1301
1304
1304
1314
1314
1317
1317
1322
1322
1328
1328
1344
1344
1346
1346
1382
1382
1390
1390
1402
1402
1405
1405
1407
1407
1409
1409
1422
1422
1427
1427
1436
1436
1442
1442
1445
1445
1450
1450
1461
1461
1469
1469
1482
1488
1552
1552
1556
1556
1577
1577
1580
1580
1584
1584
1592
1592
1595
1595
1600
1600
1605
1605
1608
1608
1613
1613
1618
1618
1628
1628
1631
1631
1639
1639
1647
1647
1652
1652
1652
1654
1659
1659
1725
1725
1730
1730
1737
1737
1740
1740
1745
1745
1752
1752
1760
1760
1763
1763
1768
1768
1773
1773
1779
1779
1783
1783
1786
1786
1788
1788
1793
1793
1839
1839
1857
1857
1861
1861
1882
1882
1901
1901
1906
1906
1908
1908
1913
1913
1919
1919
1922
1929
1947
1947
1952
1952
1957
1957
1982
1982
1989
1993
2020
2020
2022
2022
2028
2028
2037
2037
2045
2045
2042
2050
2059
2059
2062
2062
2073
2075
2075
2075
2086
2086
2093
2093
2103
2103
2118
2118
2127
2127
2163
2163
2175
2175
2186
2186
2189
2189
2191
2191
2194
2194
2197
2197
2204
2204
2214
2214
2219
2219
2221
2221
2245
2245
2259
2259
2262
2262
2277
2277
2293
2293
2342
2342
2371
2371
2373
2373
2376
2385
2381
2381
2381
2385
2398
2398
2401
2401
2411
2411
2446
2446
2459
2459
2462
2462
2467
2467
2471
2471
2478
2478
2481
2481
2483
2483
2490
2490
2497
2497
2503
2503
2507
2507
2515
2515
2544
2544
2549
2549
2554
2554
2561
2561
2564
2570
2573
2573
2575
2575
2581
2581
2584
2589
2584
2589
2589
2589
2584
2591
2601
2601
2606
2606
2609
2609
2627
2627
2643
2647
2653
2653
2662
2662
2668
2668
2681
2683
2675
2683
2699
2699
2701
2701
2704
2704
2707
2707
2713
2713
2715
2715
2725
2725
2728
2728
2736
2736
2739
2739
2742
2742
2766
2766
2771
2784
2779
2781
2781
2781
2794
2794
2835
2835
2846
2849
2849
2849
2854
2854
2886
2886
2895
2895
2940
2940
2949
2949
2957
2957
2964
2964
2971
2971
2983
2983
2988
2988
2991
2991
2993
2993
2998
2998
3003
3003
3005
3005
3008
3008
3018
3018
3029
3029
3046
3046
3051
3051
3059
3064
3062
3062
3064
3064
3066
3066
3069
3069
3074
3074
3081
3081
3085
3085
3099
3099
3128
3128
3148
3148
3151
3151
3157
3157
3164
3164
3167
3167
3189
3189
3203
3203
3206
3206
3222
3222
3227
3227
3236
3236
3242
3242
3309
3309
3320
3320
3328
3328
3332
3332
3335
3335
3341
3341
3347
3347
3354
3354
3364
3364
3380
3380
3380
3383
3388
3388
3394
3394
3425
3425
3442
3442
3452
3452
3459
3459
3465
3465
3469
3471
3471
3471
3474
3474
3478
3478
3481
3481
3491
3491
3494
3494
3550
3550
3552
3552
3558
3558
3566
3566
3569
3569
3572
3572
3575
3575
3583
3583
3588
3588
3595
3595
3606
3606
3612
3612
3620
3620
3635
3635
3640
3640
3642
3642
3648
3648
3652
3652
3655
3655
3658
3658
3660
3660
3664
3664
3667
3667
3670
3670
3674
3674
3677
3677
3680
3680
3682
3682
3684
3684
3687
3687
3691
3691
