3510.000000
3510.000000
6510.000000
6510.000000
12390.000000
12390.000000
15390.000000
15390.000000
18390.000000
18390.000000
21390.000000
21390.000000
24460.000000
24460.000000
27460.000000
27460.000000
30460.000000
30460.000000
33010.000000
33010.000000
36010.000000
36010.000000
39010.000000
39010.000000
42010.000000
42010.000000
48150.000000
48150.000000
3510.000000
3510.000000
6510.000000
6510.000000
12390.000000
12390.000000
15390.000000
15390.000000
18390.000000
18390.000000
21390.000000
21390.000000
24460.000000
24460.000000
27460.000000
27460.000000
30460.000000
30460.000000
3510.000000
3510.000000
6510.000000
6510.000000
12390.000000
12390.000000
15390.000000
15390.000000
18390.000000
18390.000000
21390.000000
21390.000000
24460.000000
24460.000000
27460.000000
27460.000000
30460.000000
30460.000000
