1765.000000
2260.000000
4765.000000
5260.000000
7765.000000
8260.000000
10645.000000
11140.000000
13645.000000
14140.000000
16645.000000
17140.000000
19645.000000
20140.000000
22715.000000
23210.000000
25715.000000
26210.000000
1770.000000
2265.000000
4770.000000
5265.000000
7770.000000
8265.000000
10770.000000
11265.000000
13770.000000
14265.000000
16770.000000
17265.000000
19770.000000
20265.000000
22770.000000
23265.000000
25770.000000
26265.000000
28770.000000
29265.000000
1765.000000
2260.000000
4765.000000
5260.000000
7765.000000
8260.000000
10645.000000
11140.000000
13645.000000
14140.000000
16645.000000
17140.000000
19645.000000
20140.000000
22715.000000
23210.000000
25715.000000
26210.000000
28715.000000
29210.000000
