1765.000000
2260.000000
4765.000000
5260.000000
7765.000000
8260.000000
10645.000000
11140.000000
13645.000000
14140.000000
16645.000000
17140.000000
19645.000000
20140.000000
22715.000000
23210.000000
25715.000000
26210.000000
28715.000000
29210.000000
34265.000000
34760.000000
37265.000000
37760.000000
40265.000000
40760.000000
43265.000000
43760.000000
46405.000000
46900.000000
1765.000000
2260.000000
4765.000000
5260.000000
7765.000000
8260.000000
10645.000000
11140.000000
13645.000000
14140.000000
16645.000000
17140.000000
19645.000000
20140.000000
22715.000000
23210.000000
25715.000000
26210.000000
28715.000000
29210.000000
1765.000000
2260.000000
4765.000000
5260.000000
7765.000000
8260.000000
10645.000000
11140.000000
13645.000000
14140.000000
16645.000000
17140.000000
19645.000000
20140.000000
22715.000000
23210.000000
25715.000000
26210.000000
28715.000000
29210.000000
